File: C:\MED-PC IV\DATA\!2022-11-08


Start Date: 11/08/22
End Date: 11/08/22
Subject: Marian
Experiment: 0
Group: 0
Box: 5
Start Time: 12:56:31
End Time: 13:57:10
MSN: cibo-L-luce
A:
     0:       31.000        8.000        8.000        6.000        8.000
     5:        1.000
B:
     0:       93.000       24.000       24.000       18.000       24.000
     5:        3.000
C:
     0:        9.000        0.000        0.000        2.000        1.000
     5:        6.000
D:
     0:        9.000        0.000        0.000        2.000        1.000
     5:        6.000
I:
     0:       40.000        5.000        0.000
T:
     0:     3600.000       70.000      719.000        0.000        0.000
V:
     0:       -1.000       -1.000       -1.000       -1.000       -1.000
     5:       -1.000       -1.000       -1.000        0.550        1.580
    10:        1.880        2.160        3.050        3.860       -4.000
    15:        0.430        1.480        1.650        3.250        3.460
    20:        3.900       -4.000        0.470        0.570        1.620
    25:        3.790       -4.000        1.460        1.560        1.690
    30:        2.110        3.030        3.190        3.430        3.780
    35:        3.850       -4.000        1.340        2.700       -4.000
    40:        0.420        2.770        2.810        3.250        3.440
    45:       -4.000        0.430        0.550        0.960        1.050
    50:        1.640        2.340        2.450        2.680        3.440
    55:        3.700        3.850       -4.000        1.850        2.120
    60:        2.510        3.220        3.600        3.720       -4.000
    65:        0.370        0.440        1.430        1.630        2.100
    70:        3.290        3.400        4.080        4.910        5.200
    75:        5.640        6.310        7.010        7.380        7.410
    80:        7.530       -8.000        0.580        1.540        1.680
    85:        2.240        2.300        2.910        4.470        4.810
    90:        6.420        6.440        7.230        7.270        7.980
    95:       -8.000        0.600        1.730        1.870        2.590
   100:        3.810        4.000        4.420        6.100       -8.000
   105:        1.170        1.760        2.670        2.830        3.550
   110:        3.630        4.170        4.380        4.560        5.980
   115:        6.260        6.300       -8.000        0.920        1.060
   120:        1.260        1.280        1.540        2.310        3.450
   125:        3.460        3.740        3.860        3.980        4.460
   130:       -8.000       -8.000        1.430        1.600        2.880
   135:        3.300        3.870        6.080        6.570        7.580
   140:       -8.000       -8.000        1.440        2.140        2.420
   145:        5.750        6.980        7.210        7.620        8.150
   150:        8.820        8.930        9.760       10.290       13.580
   155:       13.930       14.090       14.250       14.280      -16.000
   160:        1.170        1.280        1.810        2.000        2.290
   165:        3.330        3.620        7.280        7.370        8.570
   170:       11.290       14.090       14.770      -16.000      -16.000
   175:      -16.000        0.420        0.550        0.940        1.660
   180:        2.670        3.230        3.270        5.400       12.430
   185:       15.780      -16.000        0.620        0.810        1.090
   190:        1.730        2.580        4.430        4.520        4.990
   195:        5.140      -16.000        0.500        0.960        1.430
   200:        2.030        3.500        4.500        4.890        8.130
   205:       10.720       10.950       11.050       13.210       13.550
   210:       13.970      -16.000        1.630        1.770        1.910
   215:        1.980        2.250      -16.000        1.040        1.480
   220:        2.360        3.430        3.750        4.390        5.010
   225:       10.620       11.100       12.350       14.040       15.240
   230:       15.370      -16.000        0.760        1.230        4.950
   235:        5.050        5.080        5.580        6.110        7.690
   240:        8.500        8.830       10.330       10.510       10.540
   245:       10.620       13.020       15.840       21.320       21.620
   250:       21.770       21.910       22.060       25.600       25.680
   255:       26.130       26.810       27.500       28.260       28.320
   260:       29.290       30.230       31.060       31.920      -32.000
   265:      -32.000      -32.000      -32.000      -32.000      -32.000
   270:      -32.000


Start Date: 11/08/22
End Date: 11/08/22
Subject: Sara
Experiment: 0
Group: 0
Box: 6
Start Time: 12:56:40
End Time: 13:57:10
MSN: cibo-R-luce
A:
     0:       16.000        8.000        5.000        2.000        1.000
     5:        0.000
B:
     0:       48.000       24.000       15.000        6.000        3.000
     5:        0.000
C:
     0:       23.000        0.000        3.000        6.000        7.000
     5:        7.000
D:
     0:       23.000        0.000        3.000        6.000        7.000
     5:        7.000
I:
     0:       40.000        5.000        0.000
T:
     0:     3600.000       70.000      719.000        0.000        0.000
V:
     0:       -1.000       -1.000       -1.000       -1.000       -1.000
     5:       -1.000       -1.000       -1.000        0.280        1.730
    10:        2.500        2.600        3.060        3.660        3.760
    15:        3.810       -4.000        0.330        1.310        1.470
    20:        1.530        2.420        2.720        3.250        3.350
    25:       -4.000        0.500        0.640        1.610        2.490
    30:        2.690       -4.000       -4.000       -4.000        1.270
    35:        1.310       -4.000        1.240        2.860        3.930
    40:       -4.000       -4.000       -8.000        1.070        2.420
    45:        2.530        3.010        3.540        4.530        5.050
    50:        5.120        5.770        7.460       -8.000       -8.000
    55:        0.270        1.350        1.760        1.880        2.430
    60:        3.060        3.230        3.790        4.190        5.000
    65:        5.470        5.620        6.000        6.060        6.590
    70:        6.850        7.300        7.460        7.900       -8.000
    75:       -8.000       -8.000       -8.000       -8.000      -16.000
    80:      -16.000        0.420        1.310        1.380        1.870
    85:        1.990        2.840        2.980        3.410        4.240
    90:        4.400        4.620        5.560        5.780        6.250
    95:        8.750        8.990       10.160       10.990       11.340
   100:       12.130       12.280       13.160       13.380       13.420
   105:      -16.000      -16.000      -16.000      -16.000      -16.000
   110:      -16.000      -32.000      -32.000      -32.000      -32.000
   115:      -32.000      -32.000      -32.000


Start Date: 11/08/22
End Date: 11/08/22
Subject: Fran
Experiment: 0
Group: 0
Box: 7
Start Time: 12:56:49
End Time: 13:57:10
MSN: cibo-L-luce
A:
     0:       39.000        8.000        8.000        8.000        8.000
     5:        7.000
B:
     0:      117.000       24.000       24.000       24.000       24.000
     5:       21.000
C:
     0:        1.000        0.000        0.000        0.000        0.000
     5:        1.000
D:
     0:        1.000        0.000        0.000        0.000        0.000
     5:        1.000
I:
     0:       40.000        5.000        0.000
T:
     0:     3600.000       70.000      719.000        0.000        0.000
V:
     0:       -1.000       -1.000       -1.000       -1.000       -1.000
     5:       -1.000       -1.000       -1.000        0.300        0.780
    10:        1.320       -4.000        0.400        0.410        1.780
    15:       -4.000        0.410        0.980        3.230       -4.000
    20:        0.580        0.610       -4.000        0.340       -4.000
    25:        0.470        0.500        0.800       -4.000        0.510
    30:        0.750        0.830       -4.000        0.360        0.570
    35:       -4.000        0.550        3.540        3.900        6.440
    40:       -8.000        0.370        0.430        4.030       -8.000
    45:        0.330        1.100        1.820        1.990        6.050
    50:        6.210        6.790       -8.000        0.480        1.750
    55:       -8.000        0.460        1.730        2.180        4.150
    60:        4.660        5.430        5.760       -8.000        0.820
    65:        1.290        1.640       -8.000        0.470        0.720
    70:        6.200       -8.000        0.540        1.010       -8.000
    75:        0.470        0.540        1.010        8.100       13.980
    80:       14.200       14.500       15.140      -16.000        0.720
    85:        0.740        5.270       12.590      -16.000        0.810
    90:        1.300        9.250       11.390       14.710       15.690
    95:      -16.000        0.650        4.510       11.850       15.100
   100:      -16.000        0.990        1.050        1.220        1.300
   105:        5.570       10.010       13.560      -16.000        0.620
   110:        5.200        9.870       10.230       14.490      -16.000
   115:        0.590        5.960      -16.000        0.760        3.430
   120:       10.440       11.110      -16.000        0.300        0.380
   125:        9.170       14.590       19.660       19.800       20.050
   130:       27.500       31.060       31.620       31.690      -32.000
   135:      -32.000        0.430        0.850        6.990        7.300
   140:        7.820       15.000       16.070       16.380       20.140
   145:       20.860       21.520       26.840       26.970       27.000
   150:       30.540       31.240      -32.000        8.330        9.510
   155:       17.360       19.130       23.860       24.190       24.930
   160:       25.350      -32.000        0.320        0.890        1.030
   165:        1.280        1.330        1.760        6.290        6.350
   170:        6.940        7.060        9.450        9.530        9.900
   175:       15.240       16.680       17.020       17.450       18.380
   180:       25.740       25.910      -32.000        2.220        3.680
   185:        7.170       10.010       10.040       20.420       20.570
   190:       22.790      -32.000        0.700        0.720        1.540
   195:        1.820        1.900        5.690        9.760       10.120
   200:       11.840       15.320       15.560       16.290       16.500
   205:       17.710       19.010       26.610       27.080       27.920
   210:       30.600      -32.000        0.800       31.690      -32.000


Start Date: 11/08/22
End Date: 11/08/22
Subject: Catherine
Experiment: 0
Group: 0
Box: 8
Start Time: 12:56:58
End Time: 13:57:10
MSN: cibo-R-luce
A:
     0:       30.000        8.000        8.000        6.000        5.000
     5:        3.000
B:
     0:       90.000       24.000       24.000       18.000       15.000
     5:        9.000
C:
     0:        6.000        0.000        0.000        2.000        2.000
     5:        2.000
D:
     0:        6.000        0.000        0.000        2.000        2.000
     5:        2.000
I:
     0:       40.000        5.000        0.000
T:
     0:     3600.000       70.000      719.000        0.000        0.000
V:
     0:       -1.000       -1.000       -1.000       -1.000       -1.000
     5:       -1.000       -1.000       -1.000        0.150        3.050
    10:       -4.000        0.780        1.480       -4.000       -4.000
    15:        0.490        1.800        3.950       -4.000        0.680
    20:        2.160        2.520        3.460       -4.000        1.260
    25:        3.030        3.880       -4.000        2.180        2.700
    30:        3.990       -4.000        0.470        0.950        1.010
    35:        2.780       -4.000        0.130        0.870        0.940
    40:        2.010        2.780        3.110        3.670        4.520
    45:        5.190        7.350       -8.000        0.540        1.800
    50:        4.730       -8.000       -8.000        2.640        3.210
    55:        6.290        7.240       -8.000       -8.000       -8.000
    60:       -8.000        0.820       -8.000      -16.000        0.760
    65:        4.840       12.520      -16.000      -16.000        2.150
    70:      -16.000      -16.000      -16.000      -16.000      -32.000
    75:        0.560        0.710       22.110      -32.000        3.090
    80:        3.130      -32.000      -32.000        0.200      -32.000


Start Date: 11/08/22
End Date: 11/08/22
Subject: Cecilia
Experiment: 0
Group: 0
Box: 5
Start Time: 14:07:42
End Time: 15:08:16
MSN: cibo-L-luce
A:
     0:       52.000        8.000        8.000        7.000        7.000
     5:        8.000
B:
     0:      114.000       24.000       24.000       21.000       21.000
     5:       24.000
C:
     0:        5.000        0.000        0.000        2.000        3.000
     5:        0.000
D:
     0:        5.000        0.000        0.000        2.000        3.000
     5:        0.000
I:
     0:       40.000        5.000        0.000
T:
     0:     3600.000       70.000      719.000        0.000        0.000
V:
     0:       -1.000       -1.000       -1.000       -1.000       -1.000
     5:       -1.000       -1.000       -1.000        0.530        1.520
    10:        2.040        2.650        3.500       -4.000        0.320
    15:        0.540        1.040        1.630        1.870        1.900
    20:        2.010        2.540        3.180        3.950       -4.000
    25:        1.090        1.570        2.400        2.640        2.930
    30:        3.320        3.860       -4.000        0.380        0.900
    35:        1.310        1.770        2.350        2.470        2.950
    40:        3.460       -4.000        1.210        2.450        3.020
    45:       -4.000        1.410        2.430        2.930        3.360
    50:        3.540        3.920       -4.000        0.720        1.840
    55:        3.070        3.160       -4.000        0.560        0.860
    60:        1.280        1.880        2.680        3.540       -4.000
    65:        0.280        0.980        1.410        1.670        2.120
    70:        2.430        3.870        4.200        5.120        5.300
    75:        5.750        6.000        6.470        7.930       -8.000
    80:        0.320        0.350        0.730        1.140        1.520
    85:        3.170        3.810        4.710        5.490        6.130
    90:        6.690        7.580       -8.000       -8.000        0.640
    95:        1.140        1.580        2.720        2.950        3.720
   100:        4.620        4.920        5.450        5.940        6.690
   105:        7.090        7.870       -8.000       -8.000       -8.000
   110:        0.350        0.790        1.340        1.700        2.220
   115:        2.710        3.240        3.490        4.150        4.640
   120:        5.880        6.660        7.970       -8.000        0.300
   125:        0.750        2.670        3.310        4.450        7.320
   130:       -8.000        0.320        0.810        1.310        2.390
   135:        3.070        3.470        4.010        4.300        4.380
   140:        4.960        5.270        6.360        7.230        7.860
   145:       -8.000      -16.000        0.560        1.010        2.310
   150:        3.530        4.320        5.060        5.530        6.270
   155:        6.770        8.530        9.620       10.110       10.730
   160:       11.230       11.630       11.730       12.510       13.370
   165:       13.780      -16.000        0.280        0.940        1.380
   170:        6.430        7.030        7.820       12.140       12.800
   175:       14.950      -16.000        0.570        7.210        7.700
   180:        7.880        8.170        8.850        9.700       10.770
   185:       13.290       13.960       14.550      -16.000      -16.000
   190:      -16.000        0.520        1.110        6.610        7.670
   195:        9.240        9.430       13.390       14.420      -16.000
   200:        0.820        1.550        2.990        5.200        5.530
   205:        8.920       10.540       10.800       11.500      -16.000
   210:      -16.000      -16.000        0.670        1.230        2.190
   215:        6.460        7.330        7.840        9.930       10.570
   220:       11.240       12.590       13.120       13.860       15.610
   225:       16.550       18.690       19.640       20.810      -32.000
   230:        0.400        0.830        5.460        6.070       10.700
   235:       10.960       13.500       14.280       15.220       19.810
   240:       21.010       21.630       22.230       22.590       23.310
   245:       24.160       25.230       26.330       26.850       31.650
   250:      -32.000        0.530        1.860        1.940        3.550
   255:        9.700       10.730       12.090       19.810       21.610
   260:       24.230       24.530       28.820       29.440      -32.000
   265:        0.500        1.410       12.350       15.250       18.660
   270:      -32.000        0.200        0.860        3.620        4.290
   275:       20.330       20.900       21.780      -32.000        0.210
   280:        0.620      -32.000        0.320        0.400        1.090
   285:        1.600        6.140      -32.000        0.300        0.680
   290:        1.810      -32.000


Start Date: 11/08/22
End Date: 11/08/22
Subject: Susan
Experiment: 0
Group: 0
Box: 6
Start Time: 14:07:51
End Time: 15:08:16
MSN: cibo-R-luce
A:
     0:       20.000        6.000        6.000        4.000        3.000
     5:        1.000
B:
     0:       60.000       18.000       18.000       12.000        9.000
     5:        3.000
C:
     0:       20.000        2.000        2.000        4.000        5.000
     5:        7.000
D:
     0:       20.000        2.000        2.000        4.000        5.000
     5:        7.000
I:
     0:       40.000        5.000        0.000
T:
     0:     3600.000       70.000      719.000        0.000        0.000
V:
     0:       -1.000       -1.000       -1.000       -1.000       -1.000
     5:       -1.000       -1.000       -1.000        0.320       -4.000
    10:        0.320       -4.000       -4.000       -4.000       -4.000
    15:       -4.000       -4.000       -4.000       -8.000        6.390
    20:       -8.000       -8.000       -8.000       -8.000       -8.000
    25:       -8.000        0.440        6.680        7.920       -8.000
    30:       15.190       15.250      -16.000      -16.000      -16.000
    35:      -16.000      -16.000      -16.000      -16.000      -16.000
    40:      -32.000      -32.000      -32.000      -32.000      -32.000
    45:      -32.000      -32.000      -32.000


Start Date: 11/08/22
End Date: 11/08/22
Subject: Virginia
Experiment: 0
Group: 0
Box: 7
Start Time: 14:08:00
End Time: 15:08:16
MSN: cibo-L-luce
A:
     0:       20.000        8.000        6.000        4.000        2.000
     5:        0.000
B:
     0:       60.000       24.000       18.000       12.000        6.000
     5:        0.000
C:
     0:        1.000        0.000        0.000        0.000        0.000
     5:        1.000
D:
     0:        1.000        0.000        0.000        0.000        0.000
     5:        1.000
I:
     0:       40.000        5.000        0.000
T:
     0:     3600.000       70.000      719.000        0.000        0.000
V:
     0:       -1.000       -1.000       -1.000       -1.000       -1.000
     5:       -1.000       -1.000       -1.000        1.480        3.140
    10:        3.390       -4.000       -4.000        1.760        2.190
    15:        2.430        2.650       -4.000        1.220        3.160
    20:        3.320       -4.000        0.210        1.210        2.240
    25:        2.510       -4.000       -4.000        2.950        4.990
    30:       -8.000        2.980       -8.000       -8.000        3.230
    35:        3.260        4.910       -8.000        3.780      -16.000
    40:        5.650        9.000       15.880      -16.000      -32.000


Start Date: 11/08/22
End Date: 11/08/22
Subject: Patricia
Experiment: 0
Group: 0
Box: 8
Start Time: 14:08:08
End Time: 15:08:16
MSN: cibo-R-luce
A:
     0:       13.000        7.000        3.000        2.000        1.000
     5:        0.000
B:
     0:       39.000       21.000        9.000        6.000        3.000
     5:        0.000
C:
     0:       27.000        1.000        5.000        6.000        7.000
     5:        8.000
D:
     0:       27.000        1.000        5.000        6.000        7.000
     5:        8.000
I:
     0:       40.000        5.000        0.000
T:
     0:     3600.000       70.000      719.000        0.000        0.000
V:
     0:       -1.000       -1.000       -1.000       -1.000       -1.000
     5:       -1.000       -1.000       -1.000       -4.000        0.240
    10:        3.480       -4.000        0.330        1.590        2.280
    15:       -4.000        0.240        2.250        2.720        2.910
    20:       -4.000       -4.000       -4.000       -4.000       -4.000
    25:        0.200        1.740        4.670       -8.000       -8.000
    30:        2.010        2.100        5.050        7.390        7.730
    35:       -8.000       -8.000       -8.000       -8.000       -8.000
    40:       -8.000        2.030        2.120      -16.000      -16.000
    45:      -16.000      -16.000      -16.000      -16.000      -16.000
    50:      -16.000      -32.000      -32.000      -32.000      -32.000
    55:      -32.000      -32.000      -32.000      -32.000
