File: C:\MED-PC IV\DATA\!2022-11-30


Start Date: 11/30/22
End Date: 11/30/22
Subject: Sara
Experiment: 0
Group: 0
Box: 6
Start Time: 11:54:55
End Time: 12:58:39
MSN: cibo-R-luce
A:
     0:       26.000        8.000        8.000        6.000        4.000
     5:        0.000
B:
     0:       78.000       24.000       24.000       18.000       12.000
     5:        0.000
C:
     0:       12.000        0.000        0.000        2.000        3.000
     5:        7.000
D:
     0:       12.000        0.000        0.000        2.000        3.000
     5:        7.000
I:
     0:       40.000        5.000        0.000
T:
     0:     3600.000       70.000      719.000        0.000        0.000
V:
     0:       -1.000       -1.000       -1.000       -1.000       -1.000
     5:       -1.000       -1.000       -1.000        0.280        1.270
    10:        2.100        2.640        3.810        3.860       -4.000
    15:        0.250        1.820        2.440        2.750        3.440
    20:        3.530        3.960       -4.000        0.270        0.570
    25:        0.900        1.450        1.640        1.900        2.500
    30:        2.700        3.800        3.930       -4.000        0.220
    35:        0.720        1.230        1.820        2.140        2.610
    40:        2.810        3.720       -4.000        0.370        0.790
    45:        1.500        1.940        2.160        2.320        2.700
    50:        2.830        3.460       -4.000        0.580        0.710
    55:        0.800        1.120        2.200        2.490        3.600
    60:       -4.000        0.400        0.620        1.560        1.620
    65:        1.940        2.100        2.510        2.640        2.720
    70:        3.550        3.750        3.810       -4.000        0.750
    75:        0.960        1.340        1.840        2.520        2.890
    80:        3.150       -4.000       -8.000        0.240        0.380
    85:        0.540        0.960        1.390        1.840        1.900
    90:        2.630        2.760        3.020        3.270        3.580
    95:        4.380        4.510        5.180        5.640        6.120
   100:        6.270        6.820        6.950        7.520       -8.000
   105:        0.610        0.740        1.580        1.930        2.280
   110:        2.450        2.900        3.250        3.340        3.390
   115:        3.550        3.890        4.300        4.550        5.090
   120:        5.910        5.970        6.760        7.290       -8.000
   125:        0.440        0.720        1.640        1.740        2.040
   130:        2.090        2.440        2.570        2.940        3.380
   135:        3.550        3.980        4.210        4.730        6.050
   140:        6.880        7.130        7.190       -8.000       -8.000
   145:        1.520        1.990        2.210        2.620        2.740
   150:        3.160        3.710        4.450        4.640        5.360
   155:        6.470        6.560        7.130        7.320        7.400
   160:       -8.000        0.230        0.510        1.190        1.630
   165:        1.820        1.960        2.000        3.100        3.600
   170:        4.210        4.730        5.250        5.430        5.990
   175:        6.400        6.570        6.930        7.090        7.640
   180:        7.720       -8.000        0.280        0.990        1.580
   185:        1.660        2.290        3.380        3.830        4.100
   190:        4.190        5.090        5.710        6.710        6.820
   195:        6.890        7.480       -8.000        1.910        3.940
   200:        7.080        7.320        8.310        8.840       11.790
   205:       13.220       14.410      -16.000      -16.000      -16.000
   210:        7.190        9.410        9.480        9.680        9.890
   215:       15.240      -16.000      -16.000      -16.000      -16.000
   220:      -32.000      -32.000      -32.000      -32.000      -32.000
   225:      -32.000      -32.000


Start Date: 11/30/22
End Date: 11/30/22
Subject: Catherine
Experiment: 0
Group: 0
Box: 8
Start Time: 11:55:03
End Time: 12:58:39
MSN: cibo-R-luce
A:
     0:       19.000        8.000        5.000        3.000        2.000
     5:        1.000
B:
     0:       57.000       24.000       15.000        9.000        6.000
     5:        3.000
C:
     0:       21.000        0.000        3.000        5.000        6.000
     5:        7.000
D:
     0:       21.000        0.000        3.000        5.000        6.000
     5:        7.000
I:
     0:       40.000        5.000        0.000
T:
     0:     3600.000       70.000      719.000        0.000        0.000
V:
     0:       -1.000       -1.000       -1.000       -1.000       -1.000
     5:       -1.000       -1.000       -1.000       -4.000       -4.000
    10:        0.200        1.150        1.790        2.240        2.630
    15:        3.260        3.490       -4.000        0.210        0.800
    20:        1.520        2.010        2.440        2.620        3.100
    25:        3.850       -4.000        0.270        0.620        0.790
    30:        1.780        2.120        3.550       -4.000        1.080
    35:        2.390        2.770        3.610       -4.000        1.010
    40:        1.340        2.580        3.440       -4.000       -4.000
    45:        0.560        1.280        1.400        1.690        1.950
    50:        2.510        2.970        4.280        4.690        5.320
    55:        6.480        6.920        7.300        7.730       -8.000
    60:       -8.000       -8.000       -8.000        0.560        1.350
    65:        1.420        1.440        1.840        2.520        4.040
    70:        4.710        5.190        5.770        6.660        6.720
    75:       -8.000        1.660        1.720        3.000        3.300
    80:        3.630        4.270        4.450        4.910        5.530
    85:        5.700        6.530        6.950       -8.000       -8.000
    90:       -8.000      -16.000        1.890        2.040        4.330
    95:        4.880        5.410        6.390        6.590        7.860
   100:        8.270        8.540        9.680       10.160       11.160
   105:       12.550       13.380       13.700       14.360       14.480
   110:       14.520       14.580      -16.000      -16.000      -16.000
   115:      -16.000      -16.000        0.790        1.100        2.700
   120:        3.240        3.990        4.360        5.080        5.730
   125:        6.230        6.740        7.800        9.100        9.780
   130:       10.600       11.860       12.310       14.360       15.640
   135:      -16.000      -16.000      -32.000      -32.000      -32.000
   140:      -32.000        0.860        1.910        2.300        3.400
   145:        4.080        4.200        5.650        5.690        6.790
   150:        7.900        8.000        9.320       11.710       12.080
   155:       18.120       18.930       26.020       26.110      -32.000
   160:      -32.000      -32.000      -32.000
