File: C:\MED-PC IV\DATA\!2022-11-29


Start Date: 11/29/22
End Date: 11/29/22
Subject: Sara
Experiment: 0
Group: 0
Box: 6
Start Time: 14:03:40
End Time: 15:04:01
MSN: cibo-R-luce
A:
     0:       19.000        8.000        7.000        3.000        0.000
     5:        1.000
B:
     0:       57.000       24.000       21.000        9.000        0.000
     5:        3.000
C:
     0:       19.000        0.000        1.000        5.000        6.000
     5:        7.000
D:
     0:       19.000        0.000        1.000        5.000        6.000
     5:        7.000
I:
     0:       40.000        5.000        0.000
T:
     0:     3600.000       70.000      719.000        0.000        0.000
V:
     0:       -1.000       -1.000       -1.000       -1.000       -1.000
     5:       -1.000       -1.000       -1.000       -4.000        0.300
    10:        1.510        2.200        2.280        2.340        3.440
    15:        3.560       -4.000        0.260        0.600        1.010
    20:        1.530        1.630        2.140        2.200        3.040
    25:        3.110       -4.000        0.190        0.580        1.230
    30:        1.920        2.170        2.510        2.770        3.320
    35:        3.530        3.590       -4.000        0.400        0.530
    40:        1.230        1.270        1.840        2.600        2.770
    45:        2.840       -4.000        0.420        0.900        1.930
    50:        2.420        2.620        2.690       -4.000        0.300
    55:        0.640        0.720        1.020        1.130        1.690
    60:        2.210        2.790        2.940        3.360        3.510
    65:       -4.000        0.450        0.650        0.700        0.730
    70:        1.400        1.720        1.970        2.760        2.840
    75:        3.530        3.980       -4.000       -8.000        0.600
    80:        0.750        1.340        1.650        1.780        2.360
    85:        3.430        4.500        4.960        5.050        5.110
    90:        5.890        6.050        7.120        7.280        7.820
    95:        7.970       -8.000        0.590        0.800        1.150
   100:        1.750        2.740        3.490        3.600        4.020
   105:        4.410        5.080        5.360        6.630        6.760
   110:        7.340       -8.000       -8.000       -8.000       -8.000
   115:        0.620        1.520        2.110        2.640        3.600
   120:        3.990        4.620        5.860        6.310        7.020
   125:        7.090        7.300        7.520       -8.000       -8.000
   130:      -16.000      -16.000      -16.000      -16.000      -16.000
   135:      -16.000      -32.000        1.330        3.890        5.900
   140:        6.330        6.960        7.160        7.220        7.660
   145:        8.390        8.470        9.170        9.490       10.580
   150:       10.620       11.580       14.250       14.360       15.280
   155:      -32.000      -32.000      -32.000      -32.000      -32.000
   160:      -32.000      -32.000


Start Date: 11/29/22
End Date: 11/29/22
Subject: Catherine
Experiment: 0
Group: 0
Box: 8
Start Time: 14:03:46
End Time: 15:04:01
MSN: cibo-R-luce
A:
     0:       29.000        8.000        8.000        6.000        4.000
     5:        3.000
B:
     0:       87.000       24.000       24.000       18.000       12.000
     5:        9.000
C:
     0:       10.000        0.000        0.000        2.000        3.000
     5:        5.000
D:
     0:       10.000        0.000        0.000        2.000        3.000
     5:        5.000
I:
     0:       40.000        5.000        0.000
T:
     0:     3600.000       70.000      719.000        0.000        0.000
V:
     0:       -1.000       -1.000       -1.000       -1.000       -1.000
     5:       -1.000       -1.000       -1.000        0.960        1.240
    10:        1.610        1.860        2.130        2.250        2.380
    15:        2.870        3.360        3.920       -4.000        0.140
    20:        0.460        1.190        1.760        2.340        3.010
    25:        3.040        3.470        3.860       -4.000        0.120
    30:        0.290        1.140        2.110        2.480        2.910
    35:        3.540       -4.000        2.150        2.410        3.130
    40:        3.830       -4.000        0.650        1.350        1.760
    45:        2.610        2.890        3.420        3.760       -4.000
    50:        0.530        0.740        1.190        1.700        2.150
    55:        2.600       -4.000        3.750       -4.000        0.630
    60:        1.400        1.710        2.010        2.160        2.670
    65:        3.770       -4.000        0.730        1.510        2.640
    70:        3.240        4.290        4.450        4.850        5.870
    75:        6.510        6.900        7.650       -8.000        0.660
    80:        1.290        2.550        3.210        3.750        4.320
    85:        4.980        5.560        6.190        6.730        7.470
    90:        7.880       -8.000       -8.000        0.550        1.310
    95:        1.560        2.360        3.020        3.090        3.800
   100:        4.160        4.990        5.520        5.880        6.430
   105:        6.940        7.870       -8.000        0.700        2.690
   110:        3.330        3.760        4.160        5.540        6.230
   115:        7.120        7.320       -8.000        7.360        7.900
   120:       -8.000        0.920        1.580        2.050        4.560
   125:        4.940        6.000        6.500        7.040       -8.000
   130:       -8.000        0.270        3.770        3.790        3.980
   135:        5.080        6.280        6.790        7.830        8.440
   140:        9.150        9.730        9.810       10.430       11.130
   145:       11.370       13.060       14.020      -16.000        1.410
   150:        3.770        4.140        8.570        9.150        9.610
   155:       10.970       11.880       13.710       14.110      -16.000
   160:      -16.000        1.120        2.030        2.390        2.860
   165:        3.320        4.660        5.360        5.700        6.330
   170:        6.750        7.330       10.130       11.220       11.610
   175:       12.640      -16.000      -16.000      -16.000      -16.000
   180:      -32.000        0.700        2.060        5.900       11.470
   185:       12.500       17.280       29.270      -32.000      -32.000
   190:      -32.000      -32.000        9.270        9.510      -32.000
   195:      -32.000      -32.000
