File: C:\MED-PC IV\DATA\!2022-11-21


Start Date: 11/21/22
End Date: 11/21/22
Subject: Sara
Experiment: 0
Group: 0
Box: 6
Start Time: 10:53:23
End Time: 11:53:36
MSN: cibo-R-luce
A:
     0:       17.000        8.000        7.000        2.000        0.000
     5:        0.000
B:
     0:       51.000       24.000       21.000        6.000        0.000
     5:        0.000
C:
     0:       15.000        0.000        1.000        6.000        6.000
     5:        2.000
D:
     0:       15.000        0.000        1.000        6.000        6.000
     5:        2.000
I:
     0:       40.000        5.000        0.000
T:
     0:     3600.000       70.000      719.000        0.000        0.000
V:
     0:       -1.000       -1.000       -1.000       -1.000       -1.000
     5:       -1.000       -1.000       -1.000        0.380        1.790
    10:        1.990        2.800       -4.000        0.380        0.660
    15:        0.800        1.720        2.450        2.680        3.850
    20:       -4.000        1.210        1.610        1.710        2.370
    25:        2.820        2.850        3.410        3.610       -4.000
    30:        0.920        1.120        1.290        3.050        3.170
    35:        3.890       -4.000        0.490        0.620        1.350
    40:        1.610        1.770        2.120        3.320       -4.000
    45:        0.370        0.650        1.030        1.630        2.180
    50:        2.250        3.090        3.290       -4.000        0.450
    55:        1.540        1.720        2.340        3.000        3.660
    60:        3.830       -4.000       -4.000       -8.000       -8.000
    65:        0.850        0.950        1.010        1.620        2.110
    70:        2.890        3.420        4.460        5.560        5.740
    75:        6.120        6.440        7.740       -8.000       -8.000
    80:       -8.000       -8.000        0.560        1.370        1.960
    85:        2.290        2.790        2.830        3.460        3.540
    90:        4.100        4.240        5.730        5.790        7.010
    95:        7.140        7.980       -8.000       -8.000      -16.000
   100:      -16.000      -16.000      -16.000      -16.000      -16.000
   105:      -32.000      -32.000


Start Date: 11/21/22
End Date: 11/21/22
Subject: Catherine
Experiment: 0
Group: 0
Box: 8
Start Time: 10:53:30
End Time: 11:53:36
MSN: cibo-R-luce
A:
     0:       23.000        8.000        6.000        4.000        4.000
     5:        1.000
B:
     0:       69.000       24.000       18.000       12.000       12.000
     5:        3.000
C:
     0:        9.000        0.000        2.000        4.000        2.000
     5:        1.000
D:
     0:        9.000        0.000        2.000        4.000        2.000
     5:        1.000
I:
     0:       40.000        5.000        0.000
T:
     0:     3600.000       70.000      719.000        0.000        0.000
V:
     0:       -1.000       -1.000       -1.000       -1.000       -1.000
     5:       -1.000       -1.000       -1.000        0.180        1.020
    10:        1.690        2.080        2.680        3.680       -4.000
    15:        0.250        1.080        1.470        2.430        2.980
    20:        3.640       -4.000        1.370        2.200        3.360
    25:        3.420       -4.000       -4.000        0.580        0.770
    30:        1.130        1.810        2.590        2.810        3.380
    35:        3.510        3.990       -4.000        0.860        2.300
    40:        2.930       -4.000        1.130        1.370        1.940
    45:        2.980        3.620        3.720        3.950       -4.000
    50:       -4.000        1.810        3.980        4.420        4.970
    55:        5.540        6.710        7.540        7.950       -8.000
    60:       -8.000        3.280        4.540        5.040        5.720
    65:        5.770        7.100       -8.000       -8.000        0.810
    70:        1.120        2.370        2.920        4.050        4.080
    75:        4.230        5.370        5.480        5.690        5.790
    80:        6.340        6.490        7.280        7.600        7.620
    85:        7.830        7.960       -8.000       -8.000        1.500
    90:        6.430        7.050       -8.000       -8.000        3.060
    95:        3.170      -16.000        1.920        2.140        2.570
   100:        3.050        3.450        3.980        3.990        4.500
   105:        4.690        4.780        4.870        5.900        6.700
   110:        6.760        6.840        7.100        7.870        8.220
   115:        8.340        8.760        9.540       10.400       10.650
   120:       10.880       11.620       11.650       11.820       12.700
   125:       12.750       12.980       13.260       14.040       14.090
   130:       14.280       15.380       15.400       15.580      -16.000
   135:      -16.000        9.340        9.640       10.070       11.230
   140:       13.330       14.350       15.780      -16.000        0.360
   145:      -16.000      -16.000      -32.000        0.150        0.470
   150:        1.330        2.860        4.320        5.380        7.110
   155:        7.490        7.580        9.220        9.660        9.680
   160:        9.700       10.490       10.860       11.900       12.130
   165:      -32.000
