File: C:\MED-PC IV\DATA\!2022-11-07


Start Date: 11/07/22
End Date: 11/07/22
Subject: Cecilia
Experiment: 0
Group: 0
Box: 5
Start Time: 16:59:17
End Time: 17:59:52
MSN: cibo-L-luce
A:
     0:       44.000        7.000        6.000        7.000        7.000
     5:        8.000
B:
     0:      105.000       21.000       18.000       21.000       21.000
     5:       24.000
C:
     0:        7.000        1.000        2.000        1.000        2.000
     5:        1.000
D:
     0:        7.000        1.000        2.000        1.000        2.000
     5:        1.000
I:
     0:       40.000        5.000        0.000
T:
     0:     3600.000       70.000      719.000        0.000        0.000
V:
     0:       -1.000       -1.000       -1.000       -1.000       -1.000
     5:       -1.000       -1.000       -1.000        0.440        1.640
    10:        2.260        3.000        3.480       -4.000        0.490
    15:        0.850        1.050        1.370        2.110        2.920
    20:        3.470        3.850       -4.000        0.950        1.170
    25:        1.450        1.520        1.810        2.110        3.050
    30:        3.960       -4.000       -4.000        0.580        0.960
    35:        1.020        1.450        2.930        3.430        3.760
    40:        3.930       -4.000        0.900        1.350        3.270
    45:        3.430        3.780       -4.000       -4.000        0.420
    50:        1.060        1.590        2.150        2.560        3.070
    55:        3.360       -4.000        4.890        5.230        5.350
    60:        5.760        6.970        7.040        7.300       -8.000
    65:        0.900        2.950        4.530        4.980        6.800
    70:       -8.000       -8.000        0.610        1.040        2.060
    75:        3.640        4.120        4.790        6.540        7.380
    80:       -8.000        0.480        1.150        2.780        4.880
    85:        5.410        5.790       -8.000        0.440        0.690
    90:        1.590        1.940        2.400        2.840        2.940
    95:        3.530        4.270        5.000        5.300        6.990
   100:       -8.000        0.890        0.960        1.680        2.250
   105:        2.530        4.140        4.420        5.250        6.220
   110:        6.270        6.350        7.450       -8.000        0.370
   115:        1.250        3.510        3.610        5.840        6.200
   120:        6.420        7.840       -8.000        0.970        1.130
   125:        1.730        1.910        3.790        3.840        3.890
   130:        4.230        4.770        5.810        9.770       11.800
   135:      -16.000        1.150        7.240        7.960        8.740
   140:       11.920       12.190      -16.000        1.200        3.300
   145:        3.980        4.410        5.980        7.250        8.470
   150:        9.200        9.630       10.620       13.090       13.330
   155:       14.100       14.760      -16.000      -16.000      -16.000
   160:      -16.000        0.370        1.270        1.960        2.280
   165:        2.760        4.560        6.020        6.110        7.620
   170:        8.090       10.070       13.340       14.140       14.620
   175:       15.900      -16.000        3.080        5.230       10.660
   180:       11.170       11.580       13.000       13.490      -16.000
   185:        0.350        1.500        2.990        6.200       10.150
   190:       10.510       10.910       12.100       12.420       12.790
   195:       12.920       13.060      -16.000        0.830        2.340
   200:        2.880        9.970       10.530       11.730       12.400
   205:       17.460       18.950       20.240       21.470       24.340
   210:       24.910       25.580       29.950       30.200       30.860
   215:       31.460      -32.000        6.670        7.230       17.550
   220:       20.100       22.300       22.940       27.000       29.690
   225:      -32.000      -32.000      -32.000        2.300        6.070
   230:       10.410       15.150       16.020       23.860       24.640
   235:       25.950       26.800       28.350      -32.000      -32.000
   240:        2.700        3.320        3.490       14.940       24.520
   245:       26.950       27.440       28.220       28.970       29.600
   250:       29.750       31.660      -32.000      -32.000      -32.000


Start Date: 11/07/22
End Date: 11/07/22
Subject: Susan
Experiment: 0
Group: 0
Box: 6
Start Time: 16:59:30
End Time: 17:59:52
MSN: cibo-R-luce
A:
     0:       10.000        4.000        3.000        3.000        0.000
     5:        0.000
B:
     0:       30.000       12.000        9.000        9.000        0.000
     5:        0.000
C:
     0:       30.000        4.000        5.000        5.000        8.000
     5:        8.000
D:
     0:       30.000        4.000        5.000        5.000        8.000
     5:        8.000
I:
     0:       40.000        5.000        0.000
T:
     0:     3600.000       70.000      719.000        0.000        0.000
V:
     0:       -1.000       -1.000       -1.000       -1.000       -1.000
     5:       -1.000       -1.000       -1.000        0.300       -4.000
    10:        0.350       -4.000       -4.000       -4.000       -4.000
    15:       -4.000       -4.000       -4.000       -8.000        1.050
    20:        4.850       -8.000       -8.000       -8.000        1.350
    25:       -8.000       -8.000       -8.000       -8.000      -16.000
    30:      -16.000      -16.000      -16.000      -16.000      -16.000
    35:      -16.000      -16.000      -32.000      -32.000      -32.000
    40:      -32.000      -32.000      -32.000      -32.000      -32.000


Start Date: 11/07/22
End Date: 11/07/22
Subject: Virginia
Experiment: 0
Group: 0
Box: 7
Start Time: 16:59:37
End Time: 17:59:52
MSN: cibo-L-luce
A:
     0:       25.000        8.000        8.000        6.000        2.000
     5:        1.000
B:
     0:       75.000       24.000       24.000       18.000        6.000
     5:        3.000
C:
     0:        3.000        0.000        0.000        1.000        0.000
     5:        2.000
D:
     0:        3.000        0.000        0.000        1.000        0.000
     5:        2.000
I:
     0:       40.000        5.000        0.000
T:
     0:     3600.000       70.000      719.000        0.000        0.000
V:
     0:       -1.000       -1.000       -1.000       -1.000       -1.000
     5:       -1.000       -1.000       -1.000        0.320        3.620
    10:       -4.000        1.150        2.570        3.150        3.780
    15:       -4.000        0.260        0.400        0.830       -4.000
    20:        1.340        2.480        3.160        3.240       -4.000
    25:        1.780        2.310        3.000        3.830        3.960
    30:       -4.000        0.650        0.960        1.910        3.120
    35:        3.840       -4.000        0.510        2.700        3.390
    40:       -4.000        0.110        1.740        2.270        2.880
    45:        3.540       -4.000       -8.000        1.280        1.370
    50:        2.110       -8.000        2.330        3.040        5.800
    55:        6.040       -8.000        5.900       -8.000       -8.000
    60:        3.810        5.650        5.700       -8.000        1.450
    65:        3.760        5.260        5.450        7.730       -8.000
    70:        4.040        6.540        6.640        6.900       14.970
    75:       15.070      -16.000        1.230        3.150        6.890
    80:        7.760       15.890      -16.000      -32.000        0.710
    85:        0.860        2.040        2.500        4.800       10.700
    90:       11.400       11.770       11.930       14.270       17.310
    95:       29.360       29.500       29.770       29.880       30.100
   100:      -32.000      -32.000


Start Date: 11/07/22
End Date: 11/07/22
Subject: Patricia
Experiment: 0
Group: 0
Box: 8
Start Time: 16:59:46
End Time: 17:59:52
MSN: cibo-R-luce
A:
     0:       10.000        8.000        2.000        0.000        0.000
     5:        0.000
B:
     0:       30.000       24.000        6.000        0.000        0.000
     5:        0.000
C:
     0:       28.000        0.000        6.000        8.000        7.000
     5:        7.000
D:
     0:       28.000        0.000        6.000        8.000        7.000
     5:        7.000
I:
     0:       40.000        5.000        0.000
T:
     0:     3600.000       70.000      719.000        0.000        0.000
V:
     0:       -1.000       -1.000       -1.000       -1.000       -1.000
     5:       -1.000       -1.000       -1.000        0.250        1.360
    10:        2.240        3.350       -4.000       -4.000       -4.000
    15:       -4.000        2.130        2.170       -4.000       -4.000
    20:       -4.000       -4.000       -8.000       -8.000       -8.000
    25:       -8.000       -8.000       -8.000       -8.000       -8.000
    30:      -16.000      -16.000      -16.000      -16.000      -16.000
    35:      -16.000      -16.000      -32.000      -32.000      -32.000
    40:      -32.000      -32.000      -32.000      -32.000
