File: C:\MED-PC IV\DATA\!2022-11-19


Start Date: 11/19/22
End Date: 11/19/22
Subject: sara
Experiment: 0
Group: 0
Box: 6
Start Time: 14:44:02
End Time: 15:44:29
MSN: cibo-R-luce
A:
     0:       19.000        7.000        6.000        4.000        1.000
     5:        1.000
B:
     0:       57.000       21.000       18.000       12.000        3.000
     5:        3.000
C:
     0:       18.000        1.000        2.000        4.000        5.000
     5:        6.000
D:
     0:       18.000        1.000        2.000        4.000        5.000
     5:        6.000
I:
     0:       40.000        5.000        0.000
T:
     0:     3600.000       70.000      719.000        0.000        0.000
V:
     0:       -1.000       -1.000       -1.000       -1.000       -1.000
     5:       -1.000       -1.000       -1.000        0.280        1.250
    10:        1.730        2.280        3.950       -4.000        0.300
    15:        1.710        3.190        3.960       -4.000        0.330
    20:        0.600        0.850        1.630        2.300        2.710
    25:        3.060        3.320        4.000       -4.000       90.330
    30:       92.180       92.680       93.090       93.680       93.770
    35:       -4.000        0.320        0.730        1.020        1.430
    40:        2.000        2.390        2.650        3.880        3.950
    45:       -4.000       -4.000        0.430        0.610        1.360
    50:        1.800        2.150        2.670        3.350        3.510
    55:       -4.000       -4.000        0.250        0.650        0.730
    60:        0.830        1.280        1.590        1.760        2.640
    65:        2.930        3.400        3.660        4.290        4.450
    70:        5.970        6.000        6.680        7.530       -8.000
    75:       -8.000        0.980        1.670        1.990        2.670
    80:        3.080        3.420        4.400        4.620        5.410
    85:        5.540        6.250        7.020        7.310        7.830
    90:        7.950       -8.000       -8.000       -8.000       -8.000
    95:        0.750        1.480        2.000        2.960        3.740
   100:        4.470        4.700        5.590        5.840        6.160
   105:        6.810        7.300        7.430       -8.000       -8.000
   110:      -16.000      -16.000      -16.000      -16.000      -16.000
   115:      -16.000      -32.000        2.730        2.920        5.270
   120:        5.340        7.100        7.260        8.380        8.460
   125:      -32.000      -32.000      -32.000      -32.000      -32.000
   130:      -32.000


Start Date: 11/19/22
End Date: 11/19/22
Subject: catherine
Experiment: 0
Group: 0
Box: 8
Start Time: 14:44:22
End Time: 15:44:29
MSN: cibo-R-luce
A:
     0:       34.000        8.000        8.000        6.000        8.000
     5:        4.000
B:
     0:      102.000       24.000       24.000       18.000       24.000
     5:       12.000
C:
     0:        5.000        0.000        0.000        2.000        0.000
     5:        3.000
D:
     0:        5.000        0.000        0.000        2.000        0.000
     5:        3.000
I:
     0:       40.000        5.000        0.000
T:
     0:     3600.000       70.000      719.000        0.000        0.000
V:
     0:       -1.000       -1.000       -1.000       -1.000       -1.000
     5:       -1.000       -1.000       -1.000        0.120        1.390
    10:        2.420        2.800        3.430        3.850       -4.000
    15:        0.690        0.960        1.430        2.140        2.810
    20:       -4.000        0.120        1.370        1.570        2.510
    25:        3.110       -4.000       -4.000        3.240        3.550
    30:       -4.000        0.860        1.910        1.960        2.360
    35:        2.670        3.910       -4.000        0.530        0.820
    40:        1.800        2.720        3.040        3.800       -4.000
    45:        0.840        1.550        1.990        2.510        3.100
    50:       -4.000        0.830        1.610        2.610        3.070
    55:        3.720        4.760        5.350        7.230       -8.000
    60:        0.350        0.710        1.850        2.240        2.310
    65:        3.150        3.700        4.770        5.840        6.350
    70:        7.480       -8.000        1.130        2.600        3.570
    75:        3.860        4.850        5.350        5.890        7.280
    80:        7.830       -8.000        3.980        4.380        4.980
    85:        5.540        6.530       -8.000        0.640        5.960
    90:        7.260        7.750       -8.000       -8.000       -8.000
    95:        4.550        5.600        6.140        6.720        7.440
   100:       -8.000        1.130        1.400        2.080        2.880
   105:        3.460        4.250        4.570        5.740        6.880
   110:        7.060        8.810       10.130       11.600       12.150
   115:       13.200       13.730       13.830       14.610       15.080
   120:       15.630      -16.000        0.280        2.370        2.810
   125:        4.220        5.680        6.460        8.340        9.330
   130:        9.990       10.700       11.760       12.420       14.440
   135:       15.430      -16.000        1.180        4.490        4.920
   140:        5.520        6.800        7.310        8.010        8.260
   145:       11.760       13.030      -16.000      -16.000        1.570
   150:       10.660      -16.000        2.040      -16.000        0.440
   155:        1.110        2.350        3.770        4.210        4.300
   160:        4.730        6.410        7.410        8.060        9.850
   165:       10.300       12.840       13.430       13.870       15.100
   170:       15.170       15.790      -16.000        2.150        2.290
   175:        6.770       14.910      -16.000        4.500        4.870
   180:        6.110        6.930       20.830       24.820       27.660
   185:       28.140       29.000       31.430      -32.000        1.980
   190:        2.140        2.220        2.290       13.840       14.640
   195:       15.000       15.610       22.250       27.960       28.520
   200:      -32.000      -32.000        0.600        0.850        1.430
   205:        2.240       21.790       22.330       25.690       26.880
   210:       30.120       31.350      -32.000      -32.000      -32.000
   215:      -32.000
