File: C:\MED-PC IV\DATA\!2022-11-16


Start Date: 11/16/22
End Date: 11/16/22
Subject: Marian
Experiment: 0
Group: 0
Box: 5
Start Time: 15:48:25
End Time: 16:51:27
MSN: cibo-L-luce
A:
     0:       27.000        7.000        8.000        5.000        4.000
     5:        3.000
B:
     0:       81.000       21.000       24.000       15.000       12.000
     5:        9.000
C:
     0:        9.000        1.000        0.000        3.000        4.000
     5:        1.000
D:
     0:        9.000        1.000        0.000        3.000        4.000
     5:        1.000
I:
     0:       40.000        5.000        0.000
T:
     0:     3600.000       70.000      719.000        0.000        0.000
V:
     0:       -1.000       -1.000       -1.000       -1.000       -1.000
     5:       -1.000       -1.000       -1.000        0.430        0.580
    10:        1.050        1.590        1.680        1.830        1.950
    15:        3.160        3.460        3.570        3.790        3.900
    20:        4.000       -4.000       90.490       90.530       91.370
    25:       91.540       91.680       91.840       92.100       92.960
    30:       93.650       -4.000        0.660        1.530        1.560
    35:        1.860        2.260        3.340        3.410       -4.000
    40:        0.440        3.350        3.490        3.800       -4.000
    45:        1.490        2.460        2.530        2.620        3.860
    50:       -4.000        0.440        0.570        0.590        1.580
    55:        1.780        1.920        2.410        3.680       -4.000
    60:        0.470        0.520        1.180        1.900       -4.000
    65:        0.540        0.600        0.650        1.790        1.930
    70:        2.130        3.630        3.810        3.940       -4.000
    75:        0.280        0.540        1.480        1.590        1.650
    80:        2.020        3.560        5.040        6.450        7.500
    85:        7.640       -8.000        2.810        4.210        6.000
    90:        6.780        7.690       -8.000       -8.000        1.200
    95:        1.350        1.440        1.690        2.720        2.920
   100:        3.040        4.310        5.780        5.830        5.980
   105:       -8.000       -8.000        0.510        1.180        1.770
   110:        4.310        5.150        6.010        6.290       -8.000
   115:        0.410        0.660        0.720        1.570        1.960
   120:        2.740        3.090        3.310        5.480        6.600
   125:        7.720       -8.000       -8.000      -16.000      -16.000
   130:        1.140       11.940       13.920      -16.000      -16.000
   135:        0.400        0.510        1.420        2.020        4.470
   140:        4.780        5.350        6.050        6.170        6.390
   145:       10.250       10.450       12.130       13.200       13.650
   150:       13.790       14.520       14.770      -16.000      -16.000
   155:        1.240        2.380        2.590        3.160        3.190
   160:       13.350       15.920      -16.000        3.020      -16.000
   165:        0.280        0.910        2.070        4.990        5.400
   170:        5.990        6.580        7.440       17.000       19.160
   175:       20.600       21.360       22.060       24.190       25.830
   180:       27.290       29.520      -32.000      -32.000      -32.000
   185:        0.670      -32.000


Start Date: 11/16/22
End Date: 11/16/22
Subject: Sara
Experiment: 0
Group: 0
Box: 6
Start Time: 15:48:32
End Time: 16:51:27
MSN: cibo-R-luce
A:
     0:       21.000        8.000        7.000        3.000        2.000
     5:        1.000
B:
     0:       63.000       24.000       21.000        9.000        6.000
     5:        3.000
C:
     0:       10.000        0.000        1.000        2.000        3.000
     5:        4.000
D:
     0:       10.000        0.000        1.000        2.000        3.000
     5:        4.000
I:
     0:       40.000        5.000        0.000
T:
     0:     3600.000       70.000      719.000        0.000        0.000
V:
     0:       -1.000       -1.000       -1.000       -1.000       -1.000
     5:       -1.000       -1.000       -1.000        0.240        1.040
    10:        1.640        3.290       -4.000        0.270        0.460
    15:        0.910        1.010        1.290        1.970        2.640
    20:        3.190        3.270       -4.000        0.200        0.340
    25:        0.750        0.800        1.140        1.420        2.060
    30:        3.430        3.550        3.610       -4.000        0.240
    35:        0.450        0.500        1.020        1.510        1.700
    40:        2.440        2.850        2.930        2.970        3.360
    45:        4.000       -4.000       89.920       90.340       91.010
    50:       91.090       91.390       91.490       92.520       92.840
    55:       93.240       -4.000       -4.000        0.330        0.350
    60:        1.210        1.240        1.680        2.280        2.370
    65:        2.770        3.950       -4.000        0.470        0.600
    70:        3.020        3.740        3.770       -4.000        1.090
    75:        1.630        2.050        2.580        2.700        3.020
    80:        3.300        3.910        3.960        4.100        4.190
    85:        4.980        5.030        5.350        5.440        6.140
    90:        7.560        7.770       -8.000        0.700        2.880
    95:        3.320        3.700        4.160        4.430        4.840
   100:        5.360        5.570        5.670        6.740        6.890
   105:        7.040        7.690       -8.000       -8.000       -8.000
   110:       -8.000      -16.000        3.330        4.050      -16.000
   115:      -16.000      -16.000      -16.000      -32.000      -32.000
   120:      -32.000      -32.000      -32.000


Start Date: 11/16/22
End Date: 11/16/22
Subject: Fran
Experiment: 0
Group: 0
Box: 7
Start Time: 15:48:40
End Time: 16:51:27
MSN: cibo-L-luce
A:
     0:       33.000        6.000        8.000        7.000        7.000
     5:        5.000
B:
     0:       99.000       18.000       24.000       21.000       21.000
     5:       15.000
C:
     0:        7.000        2.000        0.000        1.000        1.000
     5:        3.000
D:
     0:        7.000        2.000        0.000        1.000        1.000
     5:        3.000
I:
     0:       40.000        5.000        0.000
T:
     0:     3600.000       70.000      719.000        0.000        0.000
V:
     0:       -1.000       -1.000       -1.000       -1.000       -1.000
     5:       -1.000       -1.000       -1.000        0.450        2.640
    10:       -4.000        0.300        1.020        1.220        1.430
    15:        3.450        3.710       -4.000        0.670        1.090
    20:        3.610       -4.000        0.620        1.180       -4.000
    25:        0.700        0.890       -4.000        0.760        0.980
    30:        3.900        3.980       -4.000        0.790        0.850
    35:       -4.000        0.560        3.550       -4.000        1.420
    40:        1.520        1.600        3.390        3.980        7.800
    45:       -8.000        0.660        2.370        2.920        7.200
    50:       -8.000        0.590        1.010        1.790        2.280
    55:        6.540        6.620        7.340        7.660       -8.000
    60:        2.040        2.400        2.940        3.200        5.050
    65:       -8.000        0.690        1.130        3.880        3.930
    70:        4.090        4.230        4.410       -8.000        0.510
    75:        0.590        4.390        7.020        7.250        7.850
    80:       -8.000        0.740        0.930        2.710        5.680
    85:        6.980       -8.000       -8.000      -16.000        1.210
    90:        2.600        3.020        3.530        5.750        5.880
    95:        9.230        9.680       12.570       12.670       13.850
   100:       14.160      -16.000        0.530        1.250        5.450
   105:        5.540        6.650        9.940       10.570      -16.000
   110:        2.460        3.360        5.500        6.880       10.750
   115:       11.930       14.740       15.180      -16.000        3.670
   120:        5.210        5.640        5.680        5.770        6.110
   125:        6.970        8.050        9.210        9.740       13.370
   130:       13.690       13.700       14.360      -16.000        0.770
   135:        0.790        0.850        1.310        1.430        1.770
   140:        2.900        3.110        6.290        6.640        7.960
   145:       11.770      -16.000       14.850      -16.000        6.670
   150:        8.170       11.000      -16.000        9.660       10.040
   155:      -32.000        6.070        6.160       10.130       16.320
   160:       16.520       17.910      -32.000       12.530       17.180
   165:       17.940      -32.000      -32.000      -32.000        5.860
   170:       18.940       19.090       20.180       20.560       29.880
   175:      -32.000        0.310        1.370        2.580        2.640
   180:        2.960        4.260       10.700       10.920       14.000
   185:       16.480       16.940       17.030       17.800       21.720
   190:       21.870      -32.000      -32.000


Start Date: 11/16/22
End Date: 11/16/22
Subject: Catherine
Experiment: 0
Group: 0
Box: 8
Start Time: 15:48:48
End Time: 16:51:27
MSN: cibo-R-luce
A:
     0:       29.000        6.000        7.000        6.000        7.000
     5:        3.000
B:
     0:       87.000       18.000       21.000       18.000       21.000
     5:        9.000
C:
     0:       10.000        2.000        1.000        2.000        1.000
     5:        4.000
D:
     0:       10.000        2.000        1.000        2.000        1.000
     5:        4.000
I:
     0:       40.000        5.000        0.000
T:
     0:     3600.000       70.000      719.000        0.000        0.000
V:
     0:       -1.000       -1.000       -1.000       -1.000       -1.000
     5:       -1.000       -1.000       -1.000        1.770        2.140
    10:        2.420        2.970       -4.000        1.670        2.870
    15:       -4.000       -4.000        2.520        2.640       -4.000
    20:        2.350        2.740        2.910        3.970       -4.000
    25:        2.340        3.110        3.740       -4.000        1.200
    30:       -4.000       -4.000        3.490        4.370        4.530
    35:        6.270        7.820       -8.000        2.110        2.770
    40:        3.340        3.760        4.100        5.240        6.160
    45:        7.460       -8.000       -8.000       -8.000        2.550
    50:        4.980        6.310        7.120        7.440       -8.000
    55:        5.100        5.430        5.670       -8.000       -8.000
    60:       -8.000      -16.000        0.680        3.260        3.870
    65:        5.010        5.180        6.600        7.140        7.870
    70:        8.110       10.090       10.460       10.850       11.230
    75:       12.230       12.580       15.380       15.830      -16.000
    80:        0.110        0.720        2.130        3.290      -16.000
    85:        0.120      -16.000      -16.000        6.410        6.510
    90:        6.700      -16.000      -16.000      -16.000      -32.000
    95:        9.690      -32.000      -32.000      -32.000      -32.000
   100:       21.550       29.340      -32.000      -32.000
