File: C:\MED-PC IV\DATA\!2022-11-15


Start Date: 11/15/22
End Date: 11/15/22
Subject: Marian
Experiment: 0
Group: 0
Box: 5
Start Time: 15:02:08
End Time: 16:02:41
MSN: cibo-L-luce
A:
     0:       29.000        7.000        7.000        4.000        6.000
     5:        4.000
B:
     0:       84.000       21.000       21.000       12.000       18.000
     5:       12.000
C:
     0:       11.000        0.000        1.000        4.000        2.000
     5:        4.000
D:
     0:       11.000        0.000        1.000        4.000        2.000
     5:        4.000
I:
     0:       40.000        5.000        0.000
T:
     0:     3600.000       70.000      719.000        0.000        0.000
V:
     0:       -1.000       -1.000       -1.000       -1.000       -1.000
     5:       -1.000       -1.000        0.220        1.240        1.630
    10:        2.950       -4.000        0.460        0.550        0.580
    15:        0.670        1.330        1.640        2.190        3.000
    20:        3.110        3.370       -4.000       -4.000        0.490
    25:        0.840        1.590        2.500        2.970        3.620
    30:        3.970       -4.000        0.620        1.480        1.540
    35:        1.630        1.860        2.380        3.610       -4.000
    40:        0.510        0.810        1.370        1.430        1.630
    45:        1.720        1.860        2.110        2.420        3.880
    50:       -4.000        0.560        0.660        0.940        0.980
    55:        1.560        1.720        2.610        3.120        3.190
    60:        3.480       -4.000        0.600        0.650        1.060
    65:        1.460        1.540        1.630        1.830        2.260
    70:        2.280        3.410        3.850        3.860       -4.000
    75:        1.050        1.340        1.800        1.870        2.490
    80:        4.040        4.450        4.540        4.850        5.230
    85:        6.670        6.950        7.790        7.980       -8.000
    90:        0.440        0.610        1.180        1.840        3.550
    95:        3.780        4.110        4.510        4.760        4.980
   100:        6.580        7.030       -8.000       -8.000       -8.000
   105:       -8.000       -8.000        0.590        1.250        1.350
   110:        1.870        2.930        4.250        5.750        6.300
   115:        6.430        7.430        7.480        7.550        7.860
   120:       -8.000        0.550        0.610        0.800        0.850
   125:        1.380        1.840        2.050        2.910        3.070
   130:        3.200        4.200        4.950        5.170        6.050
   135:        6.240        6.300        6.500        6.720        7.670
   140:       -8.000        0.390        0.490        0.560        0.750
   145:        1.030        1.440        3.900        4.050        4.410
   150:        4.870        6.120        6.570       10.460       10.620
   155:       10.920       11.320       11.610      -16.000        1.220
   160:       10.780       11.650      -16.000      -16.000        0.820
   165:        1.350        1.410        5.990        6.960       14.910
   170:      -16.000        1.010        2.850        3.520        7.530
   175:        7.800        7.980        9.970      -16.000        1.530
   180:        1.760        3.350        4.240       14.420      -16.000
   185:        2.190        2.230        4.170        4.720        4.920
   190:        5.150        6.200        8.320        8.510        9.630
   195:        9.910       10.210       11.420       12.180       12.730
   200:       13.140       13.520       15.120       15.520      -16.000
   205:      -16.000      -32.000        3.440        6.490        9.650
   210:       12.780       13.560       14.160       14.370       16.800
   215:       18.500       21.100       22.810       24.040       25.020
   220:       27.420       30.930      -32.000      -32.000        2.380
   225:        3.070        3.400        3.800        4.220        7.920
   230:        9.280       10.040       17.830       18.220       18.860
   235:       19.400      -32.000      -32.000        1.680       15.940
   240:       19.040       20.500      -32.000      -32.000        2.420
   245:        8.060        8.590       30.160       30.510       31.410
   250:      -32.000


Start Date: 11/15/22
End Date: 11/15/22
Subject: Sara
Experiment: 0
Group: 0
Box: 6
Start Time: 15:02:15
End Time: 16:02:41
MSN: cibo-R-luce
A:
     0:       13.000        8.000        5.000        0.000        0.000
     5:        0.000
B:
     0:       39.000       24.000       15.000        0.000        0.000
     5:        0.000
C:
     0:       17.000        0.000        3.000        7.000        6.000
     5:        1.000
D:
     0:       17.000        0.000        3.000        7.000        6.000
     5:        1.000
I:
     0:       40.000        5.000        0.000
T:
     0:     3600.000       70.000      719.000        0.000        0.000
V:
     0:       -1.000       -1.000       -1.000       -1.000       -1.000
     5:       -1.000       -1.000       -1.000        0.310        0.820
    10:        1.940        2.630        2.750        2.820       -4.000
    15:        0.360        0.430        0.810        1.280        2.390
    20:        2.560        3.170        3.990       -4.000        0.230
    25:        0.400        0.840        1.450        1.740        3.040
    30:        3.970       -4.000        0.290        1.150        1.820
    35:        3.010        3.040        3.120        3.570       -4.000
    40:        0.310        0.860        1.460        1.690        1.900
    45:        1.950        2.090        2.150        3.300        3.360
    50:        3.420       -4.000       -4.000       -4.000       -4.000
    55:       -8.000       -8.000       -8.000       -8.000       -8.000
    60:       -8.000       -8.000      -16.000      -16.000      -16.000
    65:      -16.000      -16.000      -16.000      -32.000


Start Date: 11/15/22
End Date: 11/15/22
Subject: Catherine
Experiment: 0
Group: 0
Box: 8
Start Time: 15:02:25
End Time: 16:02:41
MSN: cibo-R-luce
A:
     0:       34.000        8.000        7.000        7.000        6.000
     5:        6.000
B:
     0:      102.000       24.000       21.000       21.000       18.000
     5:       18.000
C:
     0:        5.000        0.000        1.000        1.000        2.000
     5:        1.000
D:
     0:        5.000        0.000        1.000        1.000        2.000
     5:        1.000
I:
     0:       40.000        5.000        0.000
T:
     0:     3600.000       70.000      719.000        0.000        0.000
V:
     0:       -1.000       -1.000       -1.000       -1.000       -1.000
     5:       -1.000       -1.000       -1.000        0.500        1.370
    10:        1.770        2.190        3.220       -4.000        0.190
    15:        1.450        1.910        2.630        3.420        4.000
    20:       -4.000       90.680       92.100       92.710       93.510
    25:       -4.000        1.690        2.090        3.360       -4.000
    30:        1.050        1.640        1.930        2.170        2.640
    35:        3.070       -4.000        2.000        2.430        2.460
    40:        2.750        2.990        3.370        3.790        3.970
    45:       -4.000       -4.000        0.250        0.920        1.360
    50:        1.650        2.050        3.060        3.110        3.480
    55:        3.690       -4.000        3.240        5.450        5.970
    60:        7.320       -8.000        5.270        5.660        6.000
    65:        6.810        7.720        7.760       -8.000        0.760
    70:        1.190        1.400        1.920        3.040        3.490
    75:        4.290        5.110        6.040        7.630       -8.000
    80:        1.500        1.830        1.970        3.440        4.410
    85:        4.680        5.930        6.970        7.670       -8.000
    90:        0.290       -8.000        1.810        2.290        2.380
    95:        2.990        4.250        5.330        6.560        7.320
   100:       -8.000        1.670        2.410        3.340        5.270
   105:        6.090        7.900       -8.000       -8.000        2.350
   110:        2.740        6.020        6.620        6.880        7.440
   115:        7.990        8.960        9.560       10.260       10.780
   120:       11.910      -16.000        5.570      -16.000        0.140
   125:      -16.000      -16.000      -16.000      -16.000        1.770
   130:        2.750        3.420        3.580        4.130        4.460
   135:        5.330        5.730        7.070        8.980       10.280
   140:       10.970       13.000      -16.000        3.970       10.220
   145:       10.350      -16.000        0.610        2.050        5.070
   150:       19.240       19.710      -32.000       27.890      -32.000
   155:      -32.000      -32.000      -32.000        1.410        1.620
   160:      -32.000      -32.000
