File: C:\MED-PC IV\DATA\!2022-11-18


Start Date: 11/18/22
End Date: 11/18/22
Subject: Sara
Experiment: 0
Group: 0
Box: 6
Start Time: 14:52:37
End Time: 15:53:01
MSN: cibo-R-luce
A:
     0:       26.000        8.000        8.000        5.000        4.000
     5:        1.000
B:
     0:       78.000       24.000       24.000       15.000       12.000
     5:        3.000
C:
     0:        6.000        0.000        0.000        2.000        2.000
     5:        2.000
D:
     0:        6.000        0.000        0.000        2.000        2.000
     5:        2.000
I:
     0:       40.000        5.000        0.000
T:
     0:     3600.000       70.000      719.000        0.000        0.000
V:
     0:       -1.000       -1.000       -1.000       -1.000       -1.000
     5:       -1.000       -1.000       -1.000        0.190        0.620
    10:        1.370        1.650        3.680        3.890       -4.000
    15:        0.250        1.240        1.310        1.760        2.010
    20:        3.280       -4.000        0.310        1.140        1.720
    25:        2.620        3.540        3.600       -4.000        0.370
    30:        0.580        1.230        1.650        1.950        2.430
    35:        2.570        2.970        3.120        3.750        3.810
    40:       -4.000        0.350        0.920        1.030        1.220
    45:        1.710        2.250        2.420        2.830        3.140
    50:        3.980       -4.000        1.930        2.470        3.010
    55:        3.380        3.920       -4.000        0.470        0.620
    60:        1.140        2.190        2.270        2.860        3.670
    65:       -4.000        2.810       -4.000        0.640        1.120
    70:        1.300        1.610        2.000        2.380        3.280
    75:        4.120        4.340        4.420        5.340        6.850
    80:       -8.000        1.230        1.630        2.500        3.260
    85:        3.670        3.980        4.070        5.210        5.350
    90:        5.940        6.330        6.840        7.890       -8.000
    95:       -8.000       -8.000        0.360        1.340        5.830
   100:        6.630        7.110        7.870       -8.000        0.670
   105:        1.980        3.250        3.840        4.790        4.970
   110:        5.320        5.640        7.390       -8.000       -8.000
   115:        3.580        3.920        4.830        5.570        6.390
   120:        7.250        7.310        8.520        8.640        8.850
   125:        9.930       10.630       13.750       15.160      -16.000
   130:      -16.000        1.550        1.600        3.100      -16.000
   135:      -16.000      -16.000      -16.000      -32.000      -32.000
   140:      -32.000


Start Date: 11/18/22
End Date: 11/18/22
Subject: Catherine
Experiment: 0
Group: 0
Box: 8
Start Time: 14:52:46
End Time: 15:53:01
MSN: cibo-R-luce
A:
     0:       33.000        8.000        8.000        6.000        8.000
     5:        3.000
B:
     0:       99.000       24.000       24.000       18.000       24.000
     5:        9.000
C:
     0:        7.000        0.000        0.000        2.000        0.000
     5:        5.000
D:
     0:        7.000        0.000        0.000        2.000        0.000
     5:        5.000
I:
     0:       40.000        5.000        0.000
T:
     0:     3600.000       70.000      719.000        0.000        0.000
V:
     0:       -1.000       -1.000       -1.000       -1.000       -1.000
     5:       -1.000       -1.000       -1.000        1.590        2.030
    10:        2.620        3.060        3.840       -4.000        0.260
    15:        2.340        2.950        3.140        3.800       -4.000
    20:        0.140        1.060        1.610        2.740        3.550
    25:       -4.000        0.670        1.570        2.070        2.130
    30:        2.840        2.890        3.790       -4.000        0.870
    35:        1.550        1.680        2.250        2.990        3.110
    40:       -4.000        3.630       -4.000        1.500        1.670
    45:        2.270        3.480        3.660       -4.000        0.380
    50:        0.610        0.700        2.060        2.630        3.020
    55:        3.420        3.630       -4.000       -8.000        2.750
    60:        3.270        3.380        3.850        4.840        5.360
    65:        6.930        7.500        7.970       -8.000       -8.000
    70:        2.020        2.110       -8.000        2.780        3.420
    75:        3.710        3.860        4.880        5.130        5.840
    80:        6.570        7.720       -8.000        0.720       -8.000
    85:        0.410        0.660        1.250        1.340        1.490
    90:        3.840        4.770        5.220        5.700        6.310
    95:        6.590        7.330        7.820       -8.000        1.580
   100:        3.000        3.490        3.630        4.030        4.450
   105:        5.480       -8.000        0.620        1.730        2.420
   110:        2.930        3.240        4.340        5.710        7.490
   115:        7.640        8.300        8.940       11.220       11.910
   120:       12.950       13.610       14.360       15.240       15.970
   125:      -16.000        2.190        2.750        4.690        5.400
   130:        7.140        8.160        8.630        9.650       11.020
   135:       11.410       12.110       12.730       14.180       14.600
   140:      -16.000        0.630      -16.000        7.540      -16.000
   145:      -16.000        0.310        1.280       14.830       14.850
   150:       15.820      -16.000        0.340      -16.000        0.860
   155:        1.360      -16.000      -32.000        0.430        6.390
   160:      -32.000      -32.000        0.690       16.960       17.010
   165:       17.330       17.420       17.510      -32.000      -32.000
   170:        0.620        1.730        2.620        3.220        4.300
   175:        4.850        5.390        6.060        6.570        7.180
   180:        7.210        7.840        8.450        8.850        9.350
   185:       10.420       12.170       13.260       13.600       15.760
   190:       17.240       17.740       18.410       19.490       21.140
   195:       22.890      -32.000      -32.000      -32.000
