File: C:\MED-PC IV\DATA\!2022-10-11


Start Date: 10/11/22
End Date: 10/11/22
Subject: R-Lever
Experiment: 0
Group: 0
Box: 8
Start Time: 14:31:15
End Time: 14:31:27
MSN: cibo-luce-L
A:
     0:        0.000        0.000        0.000        0.000        0.000
     5:        0.000
B:
     0:        0.000        0.000        0.000        0.000        0.000
     5:        0.000
C:
     0:        0.000        0.000        0.000        0.000        0.000
     5:        0.000
D:
     0:        0.000        0.000        0.000        0.000        0.000
     5:        0.000
I:
     0:        0.000        0.000        0.000
T:
     0:        0.000        0.000        0.000        0.000        0.000
V:
     0:        0.000        0.000        0.000        0.000        0.000
     5:        0.000        0.000        0.000        0.000        0.000
    10:        0.000        0.000        0.000        0.000        0.000
    15:        0.000        0.000        0.000        0.000        0.000
    20:        0.000        0.000        0.000        0.000        0.000
    25:        0.000        0.000        0.000        0.000        0.000
    30:        0.000        0.000        0.000        0.000        0.000
    35:        0.000        0.000        0.000        0.000        0.000
    40:        0.000        0.000        0.000        0.000        0.000
    45:        0.000        0.000        0.000        0.000        0.000
    50:        0.000        0.000        0.000        0.000        0.000
    55:        0.000        0.000        0.000        0.000        0.000
    60:        0.000        0.000        0.000        0.000        0.000
    65:        0.000        0.000        0.000        0.000        0.000
    70:        0.000        0.000        0.000        0.000        0.000
    75:        0.000        0.000        0.000        0.000        0.000
    80:        0.000        0.000        0.000        0.000        0.000
    85:        0.000        0.000        0.000        0.000        0.000
    90:        0.000        0.000        0.000        0.000        0.000
    95:        0.000        0.000        0.000        0.000        0.000
   100:        0.000        0.000        0.000        0.000        0.000
   105:        0.000        0.000        0.000        0.000        0.000
   110:        0.000        0.000        0.000        0.000        0.000
   115:        0.000        0.000        0.000        0.000        0.000
   120:        0.000        0.000        0.000        0.000        0.000
   125:        0.000        0.000        0.000        0.000        0.000
   130:        0.000        0.000        0.000        0.000        0.000
   135:        0.000        0.000        0.000        0.000        0.000
   140:        0.000        0.000        0.000        0.000        0.000
   145:        0.000        0.000        0.000        0.000        0.000
   150:        0.000        0.000        0.000        0.000        0.000
   155:        0.000        0.000        0.000        0.000        0.000
   160:        0.000        0.000        0.000        0.000        0.000
   165:        0.000        0.000        0.000        0.000        0.000
   170:        0.000        0.000        0.000        0.000        0.000
   175:        0.000        0.000        0.000        0.000        0.000
   180:        0.000        0.000        0.000        0.000        0.000
   185:        0.000        0.000        0.000        0.000        0.000
   190:        0.000        0.000        0.000        0.000        0.000
   195:        0.000        0.000        0.000        0.000        0.000
   200:        0.000        0.000        0.000        0.000        0.000
   205:        0.000        0.000        0.000        0.000        0.000
   210:        0.000        0.000        0.000        0.000        0.000
   215:        0.000        0.000        0.000        0.000        0.000
   220:        0.000        0.000        0.000        0.000        0.000
   225:        0.000        0.000        0.000        0.000        0.000
   230:        0.000        0.000        0.000        0.000        0.000
   235:        0.000        0.000        0.000        0.000        0.000
   240:        0.000        0.000        0.000        0.000        0.000
   245:        0.000        0.000        0.000        0.000        0.000
   250:        0.000        0.000        0.000        0.000        0.000
   255:        0.000        0.000        0.000        0.000        0.000
   260:        0.000        0.000        0.000        0.000        0.000
   265:        0.000        0.000        0.000        0.000        0.000
   270:        0.000        0.000        0.000        0.000        0.000
   275:        0.000        0.000        0.000        0.000        0.000
   280:        0.000        0.000        0.000        0.000        0.000
   285:        0.000        0.000        0.000        0.000        0.000
   290:        0.000        0.000        0.000        0.000        0.000
   295:        0.000        0.000        0.000        0.000        0.000
   300:        0.000        0.000        0.000        0.000        0.000
   305:        0.000        0.000        0.000        0.000        0.000
   310:        0.000        0.000        0.000        0.000        0.000
   315:        0.000        0.000        0.000        0.000        0.000
   320:        0.000        0.000        0.000        0.000        0.000
   325:        0.000        0.000        0.000        0.000        0.000
   330:        0.000        0.000        0.000        0.000        0.000
   335:        0.000        0.000        0.000        0.000        0.000
   340:        0.000        0.000        0.000        0.000        0.000
   345:        0.000        0.000        0.000        0.000        0.000
   350:        0.000        0.000        0.000        0.000        0.000
   355:        0.000        0.000        0.000        0.000        0.000
   360:        0.000        0.000        0.000        0.000        0.000
   365:        0.000        0.000        0.000        0.000        0.000
   370:        0.000        0.000        0.000        0.000        0.000
   375:        0.000        0.000        0.000        0.000        0.000
   380:        0.000        0.000        0.000        0.000        0.000
   385:        0.000        0.000        0.000        0.000        0.000
   390:        0.000        0.000        0.000        0.000        0.000
   395:        0.000        0.000        0.000        0.000        0.000
   400:        0.000        0.000        0.000        0.000        0.000
   405:        0.000        0.000        0.000        0.000        0.000
   410:        0.000        0.000        0.000        0.000        0.000
   415:        0.000        0.000        0.000        0.000        0.000
   420:        0.000        0.000        0.000        0.000        0.000
   425:        0.000        0.000        0.000        0.000        0.000
   430:        0.000        0.000        0.000        0.000        0.000
   435:        0.000        0.000        0.000        0.000        0.000
   440:        0.000        0.000        0.000        0.000        0.000
   445:        0.000        0.000        0.000        0.000        0.000
   450:        0.000        0.000        0.000        0.000        0.000
   455:        0.000        0.000        0.000        0.000        0.000
   460:        0.000        0.000        0.000        0.000        0.000
   465:        0.000        0.000        0.000        0.000        0.000
   470:        0.000        0.000        0.000        0.000        0.000
   475:        0.000        0.000        0.000        0.000        0.000
   480:        0.000        0.000        0.000        0.000        0.000
   485:        0.000        0.000        0.000        0.000        0.000
   490:        0.000        0.000        0.000        0.000        0.000
   495:        0.000        0.000        0.000        0.000        0.000
   500:        0.000        0.000        0.000        0.000        0.000
   505:        0.000        0.000        0.000        0.000        0.000
   510:        0.000        0.000        0.000        0.000        0.000
   515:        0.000        0.000        0.000        0.000        0.000
   520:        0.000        0.000        0.000        0.000        0.000
   525:        0.000        0.000        0.000        0.000        0.000
   530:        0.000        0.000        0.000        0.000        0.000
   535:        0.000        0.000        0.000        0.000        0.000
   540:        0.000        0.000        0.000        0.000        0.000
   545:        0.000        0.000        0.000        0.000        0.000
   550:        0.000        0.000        0.000        0.000        0.000
   555:        0.000        0.000        0.000        0.000        0.000
   560:        0.000        0.000        0.000        0.000        0.000
   565:        0.000        0.000        0.000        0.000        0.000
   570:        0.000        0.000        0.000        0.000        0.000
   575:        0.000        0.000        0.000        0.000        0.000
   580:        0.000        0.000        0.000        0.000        0.000
   585:        0.000        0.000        0.000        0.000        0.000
   590:        0.000        0.000        0.000        0.000        0.000
   595:        0.000        0.000        0.000        0.000        0.000
   600:        0.000        0.000        0.000        0.000        0.000
   605:        0.000        0.000        0.000        0.000        0.000
   610:        0.000        0.000        0.000        0.000        0.000
   615:        0.000        0.000        0.000        0.000        0.000
   620:        0.000        0.000        0.000        0.000        0.000
   625:        0.000        0.000        0.000        0.000        0.000
   630:        0.000        0.000        0.000        0.000        0.000
   635:        0.000        0.000        0.000        0.000        0.000
   640:        0.000        0.000        0.000        0.000        0.000
   645:        0.000        0.000        0.000        0.000        0.000
   650:        0.000        0.000        0.000        0.000        0.000
   655:        0.000        0.000        0.000        0.000        0.000
   660:        0.000        0.000        0.000        0.000        0.000
   665:        0.000        0.000        0.000        0.000        0.000
   670:        0.000        0.000        0.000        0.000        0.000
   675:        0.000        0.000        0.000        0.000        0.000
   680:        0.000        0.000        0.000        0.000        0.000
   685:        0.000        0.000        0.000        0.000        0.000
   690:        0.000        0.000        0.000        0.000        0.000
   695:        0.000        0.000        0.000        0.000        0.000
   700:        0.000        0.000        0.000        0.000        0.000
   705:        0.000        0.000        0.000        0.000        0.000
   710:        0.000        0.000        0.000        0.000        0.000
   715:        0.000        0.000        0.000        0.000        0.000
   720:        0.000        0.000        0.000        0.000        0.000
   725:        0.000        0.000        0.000        0.000        0.000
   730:        0.000        0.000        0.000        0.000        0.000
   735:        0.000        0.000        0.000        0.000        0.000
   740:        0.000        0.000        0.000        0.000        0.000
   745:        0.000        0.000        0.000        0.000        0.000
   750:        0.000        0.000        0.000        0.000        0.000
   755:        0.000        0.000        0.000        0.000        0.000
   760:        0.000        0.000        0.000        0.000        0.000
   765:        0.000        0.000        0.000        0.000        0.000
   770:        0.000        0.000        0.000        0.000        0.000
   775:        0.000        0.000        0.000        0.000        0.000
   780:        0.000        0.000        0.000        0.000        0.000
   785:        0.000        0.000        0.000        0.000        0.000
   790:        0.000        0.000        0.000        0.000        0.000
   795:        0.000        0.000        0.000        0.000        0.000
   800:        0.000        0.000        0.000        0.000        0.000
   805:        0.000        0.000        0.000        0.000        0.000
   810:        0.000        0.000        0.000        0.000        0.000
   815:        0.000        0.000        0.000        0.000        0.000
   820:        0.000        0.000        0.000        0.000        0.000
   825:        0.000        0.000        0.000        0.000        0.000
   830:        0.000        0.000        0.000        0.000        0.000
   835:        0.000        0.000        0.000        0.000        0.000
   840:        0.000        0.000        0.000        0.000        0.000
   845:        0.000        0.000        0.000        0.000        0.000
   850:        0.000        0.000        0.000        0.000        0.000
   855:        0.000        0.000        0.000        0.000        0.000
   860:        0.000        0.000        0.000        0.000        0.000
   865:        0.000        0.000        0.000        0.000        0.000
   870:        0.000        0.000        0.000        0.000        0.000
   875:        0.000        0.000        0.000        0.000        0.000
   880:        0.000        0.000        0.000        0.000        0.000
   885:        0.000        0.000        0.000        0.000        0.000
   890:        0.000        0.000        0.000        0.000        0.000
   895:        0.000        0.000        0.000        0.000        0.000
   900:        0.000        0.000        0.000        0.000        0.000
   905:        0.000        0.000        0.000        0.000        0.000
   910:        0.000        0.000        0.000        0.000        0.000
   915:        0.000        0.000        0.000        0.000        0.000
   920:        0.000        0.000        0.000        0.000        0.000
   925:        0.000        0.000        0.000        0.000        0.000
   930:        0.000        0.000        0.000        0.000        0.000
   935:        0.000        0.000        0.000        0.000        0.000
   940:        0.000        0.000        0.000        0.000        0.000
   945:        0.000        0.000        0.000        0.000        0.000
   950:        0.000        0.000        0.000        0.000        0.000
   955:        0.000        0.000        0.000        0.000        0.000
   960:        0.000        0.000        0.000        0.000        0.000
   965:        0.000        0.000        0.000        0.000        0.000
   970:        0.000        0.000        0.000        0.000        0.000
   975:        0.000        0.000        0.000        0.000        0.000
   980:        0.000        0.000        0.000        0.000        0.000
   985:        0.000        0.000        0.000        0.000        0.000
   990:        0.000        0.000        0.000        0.000        0.000
   995:        0.000        0.000        0.000        0.000        0.000
  1000:        0.000


Start Date: 10/11/22
End Date: 10/11/22
Subject: L-Lever
Experiment: 0
Group: 0
Box: 7
Start Time: 14:31:09
End Time: 14:37:22
MSN: cibo-luce-L
A:
     0:        1.000        1.000        0.000        0.000        0.000
     5:        0.000
B:
     0:        2.000        2.000        0.000        0.000        0.000
     5:        0.000
C:
     0:        1.000        1.000        0.000        0.000        0.000
     5:        0.000
D:
     0:        1.000        1.000        0.000        0.000        0.000
     5:        0.000
I:
     0:        2.000        1.000        0.000
T:
     0:      116.000        6.000      116.000        4.000        0.000
V:
     0:       -1.000       -1.000


Start Date: 10/11/22
End Date: 10/11/22
Subject: R-Lever
Experiment: 0
Group: 0
Box: 8
Start Time: 14:31:40
End Time: 14:37:22
MSN: cibo-luce-R
E:       0.000
F:       0.000
G:       0.000
H:       0.000
J:       0.000
K:       0.000
L:       0.000
M:       0.000
N:       0.000
O:       0.000
Q:       0.000
R:       0.000
S:       0.000
U:       0.000
W:       0.000
X:       0.000
Y:       0.000
Z:       0.000
A:
     0:        1.000        1.000        0.000        0.000        0.000
     5:        0.000
B:
     0:        2.000        2.000        0.000        0.000        0.000
     5:        0.000
C:
     0:        1.000        1.000        0.000        0.000        0.000
     5:        0.000
D:
     0:        1.000        1.000        0.000        0.000        0.000
     5:        0.000
I:
     0:        2.000        1.000        0.000
P:
     0:        0.000        2.000        0.000
T:
     0:      116.000        6.000      116.000        3.000        0.000
V:
     0:       -1.000       -1.000


Start Date: 10/11/22
End Date: 10/11/22
Subject: L-Lever
Experiment: 0
Group: 0
Box: 7
Start Time: 14:40:08
End Time: 14:54:40
MSN: cibo-luce-L
A:
     0:        5.000        4.000        1.000        0.000        0.000
     5:        0.000
B:
     0:       11.000        8.000        3.000        0.000        0.000
     5:        0.000
C:
     0:        5.000        4.000        1.000        0.000        0.000
     5:        0.000
D:
     0:        5.000        4.000        1.000        0.000        0.000
     5:        0.000
I:
     0:       10.000        2.000        0.000
T:
     0:      856.000       26.000      136.000       22.000        0.000
V:
     0:       -1.000       -1.000       -1.000       -1.000       -1.000
     5:       -1.000       -1.000       -1.000       -4.000        1.290
    10:       -4.000


Start Date: 10/11/22
End Date: 10/11/22
Subject: R-Lever
Experiment: 0
Group: 0
Box: 8
Start Time: 14:40:15
End Time: 14:54:40
MSN: cibo-luce-R
E:       0.000
F:       0.000
G:       0.000
H:       0.000
J:       0.000
K:       0.000
L:       0.000
M:       0.000
N:       0.000
O:       0.000
Q:       0.000
R:       0.000
S:       0.000
U:       0.000
W:       0.000
X:       0.000
Y:       0.000
Z:       0.000
A:
     0:        5.000        4.000        1.000        0.000        0.000
     5:        0.000
B:
     0:       11.000        8.000        3.000        0.000        0.000
     5:        0.000
C:
     0:        5.000        4.000        1.000        0.000        0.000
     5:        0.000
D:
     0:        5.000        4.000        1.000        0.000        0.000
     5:        0.000
I:
     0:       10.000        2.000        0.000
P:
     0:        0.000       11.000       10.000
T:
     0:      856.000       26.000      136.000       22.000        0.000
V:
     0:       -1.000       -1.000       -1.000       -1.000       -1.000
     5:       -1.000       -1.000       -1.000        3.020       -4.000
    10:       -4.000


Start Date: 10/11/22
End Date: 10/11/22
Subject: Sara
Experiment: 0
Group: 0
Box: 5
Start Time: 15:31:33
End Time: 16:32:30
MSN: cano-R 3 pellets
A:       3.000
B:       3.000
C:      21.000
D:      63.000
E:    3600.000
G:      70.000
I:      40.000


Start Date: 10/11/22
End Date: 10/11/22
Subject: Fran
Experiment: 0
Group: 0
Box: 6
Start Time: 15:31:42
End Time: 16:32:30
MSN: cano-L 3 pellets
A:      38.000
B:     114.000
C:       2.000
D:       2.000
E:    3600.000
G:      70.000
I:      40.000


Start Date: 10/11/22
End Date: 10/11/22
Subject: Marian
Experiment: 0
Group: 0
Box: 7
Start Time: 15:32:02
End Time: 16:32:30
MSN: cibo-luce-L
A:
     0:        8.000        2.000        0.000        1.000        2.000
     5:        2.000
B:
     0:       21.000        6.000        0.000        3.000        6.000
     5:        6.000
C:
     0:        4.000        0.000        2.000        1.000        0.000
     5:        0.000
D:
     0:        3.000        0.000        2.000        1.000        0.000
     5:        0.000
I:
     0:       40.000       20.000        0.000
T:
     0:     3600.000       70.000      179.000        0.000        0.000
V:
     0:       -1.000       -1.000       -4.000       -4.000       -8.000
     5:        0.270        1.860        2.770       -8.000        0.500
    10:        4.770        9.090       10.490      -16.000        0.460
    15:        2.510        6.700        6.760      -16.000        0.700
    20:        1.850        1.900        3.390        5.920       19.940
    25:       20.140       24.100      -32.000        0.180        0.300
    30:        1.080        2.770        3.430      -32.000


Start Date: 10/11/22
End Date: 10/11/22
Subject: Catherine
Experiment: 0
Group: 0
Box: 8
Start Time: 15:32:10
End Time: 16:32:30
MSN: cibo-luce-R
A:
     0:        9.000        1.000        1.000        2.000        2.000
     5:        2.000
B:
     0:       24.000        3.000        3.000        6.000        6.000
     5:        6.000
C:
     0:        3.000        1.000        1.000        0.000        0.000
     5:        0.000
D:
     0:        2.000        1.000        1.000        0.000        0.000
     5:        0.000
I:
     0:       40.000       20.000        0.000
T:
     0:     3600.000       70.000      179.000        0.000        0.000
V:
     0:       -1.000       -1.000       -4.000        0.110        1.960
     5:        3.030       -4.000        2.090        2.300        2.520
    10:        2.640        2.700        2.820        3.150       -8.000
    15:        2.860        4.900        5.030        5.160        6.290
    20:       -8.000        1.290        1.390        2.130        2.460
    25:        4.740      -16.000        0.760        1.150        4.040
    30:      -16.000        2.650        3.080        5.520        5.600
    35:        5.700        6.350       11.430       11.940       12.220
    40:       12.410       12.960       13.520       21.050       22.220
    45:       26.230      -32.000        0.370        1.730        2.020
    50:        2.260        6.650        7.080        7.730        7.810
    55:       12.980      -32.000
