File: C:\MED-PC IV\DATA\!2022-12-01


Start Date: 12/01/22
End Date: 12/01/22
Subject: Sara
Experiment: 0
Group: 0
Box: 6
Start Time: 14:12:31
End Time: 15:12:43
MSN: cibo-R-luce
A:
     0:       18.000        5.000        7.000        5.000        1.000
     5:        0.000
B:
     0:       54.000       15.000       21.000       15.000        3.000
     5:        0.000
C:
     0:       21.000        3.000        1.000        3.000        7.000
     5:        7.000
D:
     0:       21.000        3.000        1.000        3.000        7.000
     5:        7.000
I:
     0:       40.000        5.000        0.000
T:
     0:     3600.000       70.000      719.000        0.000        0.000
V:
     0:       -1.000       -1.000       -1.000       -1.000       -1.000
     5:       -1.000       -1.000       -1.000        0.280        1.350
    10:        1.710        1.930        2.480        2.600       -4.000
    15:        0.300        0.960        2.470        2.530        3.290
    20:        3.820       -4.000       -4.000        0.300        0.930
    25:        1.110        1.140        1.470        2.040        2.510
    30:       -4.000        0.310        1.040        1.780        2.300
    35:        3.920       -4.000        0.610        1.220        1.650
    40:        2.190        2.840        3.010        3.340       -4.000
    45:        0.530        0.890        1.360        1.590        1.630
    50:        2.570        3.160        3.640       -4.000        0.760
    55:        1.140        1.540        2.000        2.520        2.600
    60:        2.970        3.110        3.450        3.620        3.660
    65:       -4.000        0.580        1.140        1.240        1.740
    70:        2.090        2.520        3.060        3.650        4.130
    75:        4.170        4.210        4.620        5.080        5.290
    80:        5.960        6.950        7.030        7.870       -8.000
    85:        0.760        1.460        1.720        1.800        2.130
    90:        2.290        2.650        3.280        3.860        4.370
    95:        4.500        4.910        5.620        6.350        6.980
   100:        7.090        7.270        7.690        7.770       -8.000
   105:        0.790        1.660        2.230        2.800        3.500
   110:        4.050        4.560        5.470        5.910        6.840
   115:        7.560        7.840       -8.000        0.360        0.410
   120:        0.540        0.990        1.400        1.750        2.210
   125:        2.520        3.100        5.220        6.400        6.640
   130:       -8.000       -8.000       -8.000       -8.000       -8.000
   135:      -16.000      -16.000        0.530        2.110        2.670
   140:        2.890        3.000        3.180        4.150        5.000
   145:        5.240        7.640        8.560       10.400       11.110
   150:       11.150       11.720       12.550       13.440       13.860
   155:      -16.000      -16.000      -16.000      -16.000      -16.000
   160:      -16.000      -32.000      -32.000      -32.000      -32.000
   165:      -32.000      -32.000      -32.000


Start Date: 12/01/22
End Date: 12/01/22
Subject: Catherine
Experiment: 0
Group: 0
Box: 8
Start Time: 14:12:39
End Time: 15:12:43
MSN: cibo-R-luce
A:
     0:       21.000        8.000        7.000        4.000        2.000
     5:        0.000
B:
     0:       63.000       24.000       21.000       12.000        6.000
     5:        0.000
C:
     0:       18.000        0.000        1.000        4.000        6.000
     5:        7.000
D:
     0:       18.000        0.000        1.000        4.000        6.000
     5:        7.000
I:
     0:       40.000        5.000        0.000
T:
     0:     3600.000       70.000      719.000        0.000        0.000
V:
     0:       -1.000       -1.000       -1.000       -1.000       -1.000
     5:       -1.000       -1.000       -1.000        0.640        0.700
    10:        1.290        1.590        1.730        2.220        2.590
    15:        3.330        3.950       -4.000        0.290        1.520
    20:        2.520        3.690       -4.000        0.200        1.270
    25:        2.310        3.110       -4.000        0.870        1.740
    30:        2.590        3.310        3.980       -4.000        0.650
    35:        0.840        1.680        2.000        2.210        2.430
    40:       -4.000        0.500        0.830        1.670        1.920
    45:        2.450        3.070        3.350        3.470       -4.000
    50:       -4.000        0.940        1.950        2.410        2.730
    55:        3.590       -4.000       -8.000        0.360        1.700
    60:        2.120        2.610        3.090        3.790        4.040
    65:        4.610        5.250        5.940        6.380        7.750
    70:       -8.000       -8.000        0.210        1.650        3.810
    75:        4.590        5.220        6.190        7.750       -8.000
    80:        0.620        1.570        2.460        2.960        3.290
    85:        4.630        5.170        5.550        6.590        7.550
    90:        7.700       -8.000       -8.000       -8.000        0.230
    95:        0.340        1.940        2.030        6.510        7.520
   100:       -8.000        0.170        2.190        2.240        3.850
   105:        4.250        5.260        5.660        6.560        7.120
   110:        7.630        7.990        8.850        9.340       10.230
   115:       11.020       11.630       13.980       15.680      -16.000
   120:      -16.000        0.140        3.080        3.720        3.990
   125:        4.540        5.140        5.790        9.440       10.610
   130:       11.040       12.040       12.150       12.970       13.570
   135:       14.360      -16.000      -16.000      -16.000      -16.000
   140:      -16.000      -16.000      -32.000      -32.000      -32.000
   145:      -32.000      -32.000      -32.000      -32.000
