File: C:\MED-PC IV\DATA\!2022-11-02


Start Date: 11/02/22
End Date: 11/02/22
Subject: Cecilia
Experiment: 0
Group: 0
Box: 5
Start Time: 13:23:30
End Time: 14:28:25
MSN: cibo-L-luce
A:
     0:       37.000        6.000        5.000        6.000        8.000
     5:        7.000
B:
     0:       96.000       18.000       15.000       18.000       24.000
     5:       21.000
C:
     0:        9.000        3.000        3.000        2.000        0.000
     5:        1.000
D:
     0:        9.000        3.000        3.000        2.000        0.000
     5:        1.000
I:
     0:       40.000        5.000        0.000
T:
     0:     3600.000       70.000      719.000        0.000        0.000
V:
     0:       -1.000       -1.000       -1.000       -1.000       -1.000
     5:       -1.000       -1.000       -1.000       -1.000       -4.000
    10:        0.440        0.670        1.500        1.990        2.560
    15:        3.050        3.110        3.710       -4.000        0.940
    20:        1.210        1.590        1.940        2.150        2.890
    25:       -4.000        1.330        1.740        2.300        2.990
    30:        3.630       -4.000       -4.000        0.640        1.190
    35:        1.520        1.850        3.090        3.480       -4.000
    40:        0.500        0.790        1.030        1.340        2.230
    45:        2.950        3.540       -4.000       -4.000       -8.000
    50:        0.290        0.420        0.780        1.180        1.800
    55:        2.370        2.830        3.870        4.550        5.270
    60:        6.620        7.650       -8.000        0.370        0.630
    65:        1.530        2.300        2.460        3.230        3.900
    70:        4.170        4.730        5.560        7.440       -8.000
    75:        0.660        1.020        1.160        1.570        2.300
    80:        2.790        3.710        4.530        4.960       -8.000
    85:        0.830        2.230        2.390        2.700        3.220
    90:        3.540        3.620        3.950        5.820        6.820
    95:       -8.000       -8.000        0.850        1.910        2.560
   100:        2.970        3.350        4.070        4.170        4.690
   105:        5.820        7.200        7.830       -8.000        1.160
   110:        1.630        5.490        5.830        6.450        6.690
   115:        7.500       -8.000        0.870        0.940        2.980
   120:        3.740        4.880        5.340        5.720        6.290
   125:        7.350        7.780        9.580       10.510      -16.000
   130:        0.310        1.130        1.760        1.910        2.270
   135:        4.200        5.910       14.400       15.400      -16.000
   140:        0.330        3.780        4.340        5.090        5.590
   145:        6.170        7.110        8.540        9.300       10.030
   150:       11.140       11.950       12.980      -16.000        1.370
   155:       11.460       12.480       13.850       15.280      -16.000
   160:        1.320        2.190        3.420        4.090        9.620
   165:        9.800       10.550       11.650       12.560       12.940
   170:      -16.000        5.690        5.910      -16.000        1.140
   175:       14.330      -16.000        2.010        8.150       10.550
   180:       12.670       12.980       14.340       14.860       15.920
   185:      -16.000        0.300        1.540        2.380        2.950
   190:        3.200        3.740        4.610        5.170        5.940
   195:        6.110        6.830        7.240       10.180       15.200
   200:       15.810       16.740       19.230       22.140       22.710
   205:       23.360       24.240       24.600       25.270       31.350
   210:      -32.000       13.810       22.340       23.830       24.840
   215:       25.950       29.330       30.310       31.110      -32.000
   220:       13.920       15.140       16.180       17.220       17.660
   225:       18.480       23.600       23.940       24.770       26.220
   230:       26.320       26.690       27.380       27.900       28.340
   235:       29.500       30.490       31.030      -32.000       12.450
   240:       12.660       14.810       15.960       27.260       27.640
   245:       27.930       28.020       30.850       31.530      -32.000
   250:       14.950       15.690       16.070       16.240       16.560
   255:       25.160       26.300       27.550       31.970      -32.000
   260:        2.170        2.740       25.220       25.780       26.110
   265:       27.980       28.660       29.620       29.790       31.070
   270:       31.170       31.710      -32.000      -32.000        0.990
   275:       18.630       19.460       21.230       21.850       22.900
   280:       23.630       24.400       26.340       26.790       27.260
   285:       27.960       30.330      -32.000


Start Date: 11/02/22
End Date: 11/02/22
Subject: Susan
Experiment: 0
Group: 0
Box: 6
Start Time: 13:23:46
End Time: 14:28:25
MSN: cibo-R-luce
A:
     0:       12.000        7.000        4.000        1.000        0.000
     5:        0.000
B:
     0:       36.000       21.000       12.000        3.000        0.000
     5:        0.000
C:
     0:       28.000        1.000        4.000        7.000        8.000
     5:        8.000
D:
     0:       28.000        1.000        4.000        7.000        8.000
     5:        8.000
I:
     0:       40.000        5.000        0.000
T:
     0:     3600.000       70.000      719.000        0.000        0.000
V:
     0:       -1.000       -1.000       -1.000       -1.000       -1.000
     5:       -1.000       -1.000       -1.000        0.310        3.880
    10:       -4.000       -4.000        0.470       -4.000       -4.000
    15:       -4.000       -4.000       -4.000       -4.000       -8.000
    20:        4.720        4.970        5.040       -8.000       -8.000
    25:       -8.000       -8.000       -8.000       -8.000       -8.000
    30:      -16.000      -16.000      -16.000      -16.000      -16.000
    35:      -16.000      -16.000      -16.000      -32.000      -32.000
    40:      -32.000      -32.000      -32.000      -32.000      -32.000
    45:      -32.000


Start Date: 11/02/22
End Date: 11/02/22
Subject: Virgina
Experiment: 0
Group: 0
Box: 7
Start Time: 13:23:58
End Time: 14:28:25
MSN: cibo-L-luce
A:
     0:       31.000        8.000        8.000        6.000        5.000
     5:        4.000
B:
     0:       93.000       24.000       24.000       18.000       15.000
     5:       12.000
C:
     0:        2.000        0.000        0.000        0.000        1.000
     5:        1.000
D:
     0:        2.000        0.000        0.000        0.000        1.000
     5:        1.000
I:
     0:       40.000        5.000        0.000
T:
     0:     3600.000       70.000      719.000        0.000        0.000
V:
     0:       -1.000       -1.000       -1.000       -1.000       -1.000
     5:       -1.000       -1.000       -1.000        0.140        1.060
    10:       -4.000        0.220       -4.000        0.710        3.400
    15:        3.760       -4.000        1.170       -4.000        0.310
    20:        0.370        1.420       -4.000        3.010       -4.000
    25:        2.420       -4.000        1.130       -4.000        0.300
    30:        2.380       -8.000       -8.000       -8.000        3.310
    35:        3.590        7.630       -8.000        5.480       -8.000
    40:        0.960        5.670       -8.000        4.630        4.680
    45:       10.300       14.550      -16.000      -16.000        0.120
    50:        0.250      -16.000      -16.000        5.060        5.270
    55:      -16.000        0.480       12.550      -16.000        2.620
    60:        3.170        9.960       10.240       14.630       14.760
    65:       18.660      -32.000      -32.000      -32.000        0.340
    70:        2.420       27.800      -32.000      -32.000


Start Date: 11/02/22
End Date: 11/02/22
Subject: Patricia
Experiment: 0
Group: 0
Box: 8
Start Time: 13:24:08
End Time: 14:28:25
MSN: cibo-R-luce
A:
     0:       23.000        7.000        6.000        6.000        3.000
     5:        1.000
B:
     0:       69.000       21.000       18.000       18.000        9.000
     5:        3.000
C:
     0:       13.000        1.000        2.000        2.000        4.000
     5:        4.000
D:
     0:       13.000        1.000        2.000        2.000        4.000
     5:        4.000
I:
     0:       40.000        5.000        0.000
T:
     0:     3600.000       70.000      719.000        0.000        0.000
V:
     0:       -1.000       -1.000       -1.000       -1.000       -1.000
     5:       -1.000       -1.000       -1.000        0.180        1.910
    10:        2.270        3.330       -4.000       -4.000        0.380
    15:        1.230       -4.000        0.150       -4.000        3.130
    20:        3.660       -4.000        1.870        3.170       -4.000
    25:       -4.000        3.440       -4.000        1.230        1.290
    30:        1.720        5.390        6.620       -8.000       -8.000
    35:        1.670        1.700        2.460        3.680        4.460
    40:        5.990        7.730       -8.000        2.510        3.350
    45:        5.350        6.130       -8.000        1.150        1.940
    50:        2.370        3.450        4.480        6.030       -8.000
    55:        0.320       -8.000        3.040        5.440       -8.000
    60:       -8.000      -16.000        0.880        1.210        2.910
    65:        5.780        6.300        6.660        7.850       10.920
    70:       14.700      -16.000      -16.000        2.990        3.170
    75:        5.460        7.750        9.290       10.940       14.440
    80:      -16.000      -16.000      -16.000        0.170      -16.000
    85:      -32.000      -32.000        0.510        6.780        7.100
    90:      -32.000      -32.000      -32.000
