File: C:\MED-PC IV\DATA\!2022-11-04



Start Date: 11/04/22
End Date: 11/04/22
Subject: Cecilia
Experiment: 0
Group: 0
Box: 5
Start Time: 13:55:13
End Time: 14:55:43
MSN: cibo-L-luce
A:
     0:       42.000        6.000        7.000        8.000        5.000
     5:        8.000
B:
     0:      102.000       18.000       21.000       24.000       15.000
     5:       24.000
C:
     0:        6.000        3.000        1.000        0.000        2.000
     5:        0.000
D:
     0:        6.000        3.000        1.000        0.000        2.000
     5:        0.000
I:
     0:       40.000        5.000        0.000
T:
     0:     3600.000       70.000      719.000        0.000        0.000
V:
     0:       -1.000       -1.000       -1.000       -1.000       -1.000
     5:       -1.000       -1.000       -1.000       -1.000        0.570
    10:        1.310        2.010        2.230        3.710        3.880
    15:       -4.000        1.070        1.600        2.180        3.560
    20:        3.760       -4.000        0.390        1.110        1.810
    25:        2.170        2.650        3.510       -4.000       -4.000
    30:        0.680        0.740        1.430        1.810        2.220
    35:       -4.000        0.890       -4.000        1.250        1.600
    40:        1.880        2.650        3.160        3.260       -4.000
    45:        0.890        1.400        1.770        2.300        2.670
    50:        3.060        3.800       -4.000        0.320        0.740
    55:        0.850        1.420        2.120        2.650        3.280
    60:        3.460        3.690        3.850        3.910        4.000
    65:        4.450        5.050        5.420        6.580        7.660
    70:        7.790       -8.000        0.360        0.870        2.100
    75:        2.380        2.750        3.240        4.670        6.150
    80:        7.080        7.290        7.730       -8.000        0.420
    85:        0.930        2.150        2.660        3.130        5.630
    90:        6.700        7.180        7.780        7.980       -8.000
    95:        4.890        5.640        6.160        7.330        7.640
   100:       -8.000        0.770        5.800        6.640        7.160
   105:       -8.000        5.730        6.450        7.910       -8.000
   110:        1.010        1.650        6.220        7.370        7.980
   115:       -8.000        1.250        1.770        5.580        6.160
   120:        7.210        7.630       -8.000        0.740        0.930
   125:        3.220        3.470        3.850        4.550        5.030
   130:        6.120        6.570        6.980        7.830        8.040
   135:        8.330        9.020        9.320        9.380       11.290
   140:       12.540       13.950      -16.000      -16.000        0.520
   145:        0.960        1.830        3.140        4.710        4.910
   150:        6.010        6.520        7.780        9.180        9.900
   155:       12.860       14.150       15.360       15.930      -16.000
   160:        2.640       10.100       10.910       11.610       12.140
   165:       13.150       13.860      -16.000        6.660        7.020
   170:        7.680        9.040        9.840        9.900       10.090
   175:       10.170       11.490       13.020       13.510       14.130
   180:      -16.000       13.540       14.900       15.340       15.760
   185:      -16.000      -16.000        8.350        9.200       10.560
   190:       11.940       13.690       14.260       14.880       19.790
   195:       20.370       20.960       26.080       27.190       27.710
   200:       28.350       28.670      -32.000        0.560        0.730
   205:        6.780        7.050        8.260        8.900       10.440
   210:       10.740       11.100       16.060       17.010       23.870
   215:       24.930       26.140       26.590       26.950       28.190
   220:      -32.000       14.610       14.880       15.200       16.170
   225:       16.470       26.820       28.660       29.550      -32.000
   230:       22.940       25.180       25.330       31.740      -32.000
   235:        1.170        9.830       11.330       12.270       14.620
   240:       17.890       25.010       25.560       29.720      -32.000
   245:        0.910        5.910       14.550       15.670       18.660
   250:       19.170       24.890       27.140       27.910       29.030
   255:       31.500      -32.000        6.770        6.980        7.090
   260:        8.940        9.280       10.700       11.950       12.820
   265:       12.880       13.060       23.590       23.880       24.310
   270:       25.570       26.480       27.370       30.330       30.760
   275:       31.100      -32.000       18.240       18.530       18.840
   280:       20.280       27.150       28.950      -32.000



Start Date: 11/04/22
End Date: 11/04/22
Subject: Susan
Experiment: 0
Group: 0
Box: 6
Start Time: 13:55:19
End Time: 14:55:43
MSN: cibo-R-luce
A:
     0:       17.000        7.000        6.000        3.000        0.000
     5:        1.000
B:
     0:       51.000       21.000       18.000        9.000        0.000
     5:        3.000
C:
     0:       23.000        1.000        2.000        5.000        8.000
     5:        7.000
D:
     0:       23.000        1.000        2.000        5.000        8.000
     5:        7.000
I:
     0:       40.000        5.000        0.000
T:
     0:     3600.000       70.000      719.000        0.000        0.000
V:
     0:       -1.000       -1.000       -1.000       -1.000       -1.000
     5:       -1.000       -1.000       -1.000        0.400       -4.000
    10:        0.330       -4.000        0.270       -4.000        0.330
    15:       -4.000       -4.000       -4.000       -4.000       -4.000
    20:       -8.000        6.750       -8.000       -8.000        0.230
    25:       -8.000       -8.000       -8.000       -8.000       -8.000
    30:      -16.000      -16.000      -16.000      -16.000      -16.000
    35:      -16.000      -16.000      -16.000      -32.000      -32.000
    40:      -32.000      -32.000        5.130      -32.000      -32.000
    45:      -32.000      -32.000



Start Date: 11/04/22
End Date: 11/04/22
Subject: Virginia
Experiment: 0
Group: 0
Box: 7
Start Time: 13:55:27
End Time: 14:55:43
MSN: cibo-L-luce
A:
     0:       29.000        8.000        8.000        6.000        3.000
     5:        4.000
B:
     0:       87.000       24.000       24.000       18.000        9.000
     5:       12.000
C:
     0:        1.000        0.000        0.000        0.000        1.000
     5:        0.000
D:
     0:        1.000        0.000        0.000        0.000        1.000
     5:        0.000
I:
     0:       40.000        5.000        0.000
T:
     0:     3600.000       70.000      719.000        0.000        0.000
V:
     0:       -1.000       -1.000       -1.000       -1.000       -1.000
     5:       -1.000       -1.000       -1.000        0.140        0.200
    10:        2.730       -4.000        0.190        3.030       -4.000
    15:        0.450        3.210        3.880       -4.000        1.170
    20:        3.070        3.700        3.790       -4.000        0.450
    25:        1.390        1.970        2.460        3.950       -4.000
    30:        0.270        3.840       -4.000        0.220        0.540
    35:        1.250        1.950        1.990        2.430        2.930
    40:        3.530        3.910       -4.000        0.240        1.010
    45:        3.660       -4.000        0.830        1.670        3.640
    50:        4.150        4.570        6.170       -8.000        0.780
    55:        4.010        4.260        5.210        5.590        7.560
    60:       -8.000        4.170        4.230        4.370       -8.000
    65:        2.710        3.010        3.620        5.410        5.950
    70:        6.440        6.770        6.990        7.710       -8.000
    75:        0.450        0.840        1.030        1.120        6.630
    80:        7.470        7.500       -8.000        0.270        1.960
    85:        3.410        4.310        5.910        7.270       -8.000
    90:        1.020        2.510        3.280        3.520        4.650
    95:        4.980        8.880        8.990        9.630       10.030
   100:       13.320       13.940      -16.000      -16.000        1.070
   105:        2.920        4.730        4.790        6.640        8.370
   110:        8.390      -16.000        2.820        8.150        8.270
   115:      -16.000        0.900        8.080        8.290        8.490
   120:       25.220      -32.000        1.470        5.810        7.080
   125:        9.820       12.070       13.620       20.100       25.090
   130:       25.410      -32.000        4.220        6.610        6.700
   135:        6.950        7.130        7.180        7.280       29.420
   140:      -32.000        2.140        2.630        3.400        3.720
   145:        6.980        7.940       10.140       17.640       17.830
   150:       17.870       22.180      -32.000



Start Date: 11/04/22
End Date: 11/04/22
Subject: Patricia
Experiment: 0
Group: 0
Box: 8
Start Time: 13:55:36
End Time: 14:55:43
MSN: cibo-R-luce
A:
     0:       21.000        6.000        5.000        1.000        4.000
     5:        5.000
B:
     0:       63.000       18.000       15.000        3.000       12.000
     5:       15.000
C:
     0:       19.000        2.000        3.000        7.000        4.000
     5:        3.000
D:
     0:       19.000        2.000        3.000        7.000        4.000
     5:        3.000
I:
     0:       40.000        5.000        0.000
T:
     0:     3600.000       70.000      719.000        0.000        0.000
V:
     0:       -1.000       -1.000       -1.000       -1.000       -1.000
     5:       -1.000       -1.000       -1.000        0.310        1.250
    10:        2.770       -4.000        0.210        2.410        2.720
    15:       -4.000        0.300        2.670       -4.000        0.210
    20:        0.360        0.640        1.640       -4.000        2.220
    25:       -4.000       -4.000       -4.000       -4.000       -8.000
    30:       -8.000       -8.000        0.350        1.360        3.470
    35:        6.610        7.700       -8.000       -8.000       -8.000
    40:       -8.000       -8.000      -16.000        1.430        1.670
    45:        4.020        4.790        7.740        8.900       14.410
    50:       14.550       14.720       15.360      -16.000        2.310
    55:        2.400        4.510        6.530        6.900       11.220
    60:       11.750      -16.000        3.580        5.700        6.870
    65:       14.930      -16.000      -16.000      -16.000        4.250
    70:        6.960       12.750       14.200       15.740      -16.000
    75:      -16.000        6.330        6.600       10.120       15.510
    80:       15.550       18.670       22.860       23.260       26.570
    85:       29.150      -32.000       11.630       18.510       26.240
    90:      -32.000        0.560        8.310       13.450       15.550
    95:       17.990       21.670       28.170      -32.000      -32.000
   100:      -32.000       19.980       20.320       20.450       25.490
   105:       26.450       30.000       30.330      -32.000      -32.000
   110:      -32.000



Start Date: 11/04/22
End Date: 11/04/22
Subject: Marian
Experiment: 0
Group: 0
Box: 5
Start Time: 15:05:19
End Time: 16:06:44
MSN: cibo-L-luce
A:
     0:       29.000        8.000        7.000        7.000        4.000
     5:        3.000
B:
     0:       87.000       24.000       21.000       21.000       12.000
     5:        9.000
C:
     0:       10.000        0.000        1.000        1.000        3.000
     5:        5.000
D:
     0:       10.000        0.000        1.000        1.000        3.000
     5:        5.000
I:
     0:       40.000        5.000        0.000
T:
     0:     3600.000       70.000      719.000        0.000        0.000
V:
     0:       -1.000       -1.000       -1.000       -1.000       -1.000
     5:       -1.000       -1.000       -1.000        0.830        1.940
    10:        2.390        3.000        3.740       -4.000        0.660
    15:        1.300        1.450        1.770        2.010        2.430
    20:        3.250        3.410        3.490       -4.000        0.990
    25:        1.020        1.430        1.720        2.540        2.820
    30:        3.080        3.470       -4.000        0.470        1.430
    35:        1.700        1.750        2.030        2.990       -4.000
    40:       -4.000        0.500        1.100        1.480        2.260
    45:        2.450        3.460       -4.000        0.840        1.870
    50:        2.030        2.890        3.150        3.970       -4.000
    55:        0.610        1.380        1.820        2.920        2.960
    60:        3.070        3.900        3.950       -4.000        0.410
    65:        0.490        0.620        0.630        1.260        1.890
    70:        2.890        3.090        3.150        3.330        3.490
    75:        4.070        4.850        4.930        6.160        6.220
    80:        7.020       -8.000        1.740        2.320        3.130
    85:        4.180        5.020        5.160        6.530        6.710
    90:        7.020        7.060        7.560        7.600       -8.000
    95:        1.520        1.670        1.920        3.160        4.300
   100:        4.640        5.540        5.590        5.860        6.180
   105:        6.680       -8.000       -8.000        0.450        0.520
   110:        1.330        1.820        3.060        3.480        3.860
   115:        6.450        7.310        7.670       -8.000        0.830
   120:        1.650        1.870        1.990        2.150        2.180
   125:        2.360        2.410        2.510        3.030        3.230
   130:        3.340        4.770        5.270        5.490        6.510
   135:       -8.000        0.470        0.640        1.110        1.840
   140:        1.970        2.190        3.100        3.360        3.470
   145:        3.780        3.820        4.490        5.910        6.120
   150:        6.320        6.440        6.550        7.970       -8.000
   155:        0.530        0.990        1.170        2.250        2.570
   160:        2.690        3.290        3.300        3.480        3.950
   165:        6.430        7.880       -8.000        0.330        0.360
   170:        1.330        1.420        1.610        1.870        2.970
   175:        3.150        5.590        5.740        6.690        6.890
   180:        7.150        7.420        7.610        9.510       10.090
   185:       10.400       11.210       11.270       11.530       11.810
   190:       11.940       12.090       12.950       13.010       13.240
   195:       13.870       14.020       14.310       14.440       14.490
   200:       15.680      -16.000        0.230        0.360        0.520
   205:        1.610        1.920        3.720        4.060        4.240
   210:        4.420        4.600        5.870        6.040        7.290
   215:        7.650        9.320        9.460        9.580        9.880
   220:       10.010       11.180       11.330       11.760       12.240
   225:       12.490       13.580       13.930       14.270       15.060
   230:       15.650      -16.000        0.420        1.380        1.560
   235:        1.660        1.810        1.960        2.150        2.930
   240:        4.000        4.100        4.330        4.580        4.720
   245:        5.070        6.080        6.290        6.470        6.760
   250:        9.420        9.770       10.850       11.610       11.720
   255:       12.190       12.960       13.820       14.230       14.460
   260:       14.610       14.750       15.160      -16.000      -16.000
   265:      -16.000        0.540        0.810        1.180        1.400
   270:        1.710        4.580       11.270       11.690       12.410
   275:       14.290      -16.000      -16.000      -32.000      -32.000
   280:      -32.000        0.490        0.750        1.070        7.720
   285:        7.920        8.010      -32.000      -32.000        0.940
   290:       11.000       11.080       11.940       12.530       18.250
   295:       18.470       19.040       25.330       31.010      -32.000
   300:        0.590        0.830        1.130        6.280        6.950
   305:       11.370       12.120       12.580       12.990       13.760
   310:       21.460       21.640       22.540       22.610       22.810
   315:       25.320      -32.000      -32.000



Start Date: 11/04/22
End Date: 11/04/22
Subject: Sarah
Experiment: 0
Group: 0
Box: 6
Start Time: 15:05:25
End Time: 16:06:44
MSN: cibo-R-luce
A:
     0:       18.000        8.000        8.000        2.000        0.000
     5:        0.000
B:
     0:       54.000       24.000       24.000        6.000        0.000
     5:        0.000
C:
     0:       17.000        0.000        0.000        6.000        7.000
     5:        4.000
D:
     0:       17.000        0.000        0.000        6.000        7.000
     5:        4.000
I:
     0:       40.000        5.000        0.000
T:
     0:     3600.000       70.000      719.000        0.000        0.000
V:
     0:       -1.000       -1.000       -1.000       -1.000       -1.000
     5:       -1.000       -1.000       -1.000        0.270        1.520
    10:        1.590        2.310        3.480        3.640        3.680
    15:       -4.000        0.220        0.940        1.070        1.140
    20:        1.610        1.680        2.140        2.220        2.250
    25:        2.610        3.110       -4.000        0.350        0.520
    30:        1.260        1.470        2.450        3.020       -4.000
    35:        0.430        1.530        1.760        2.480        2.550
    40:        3.360        3.440       -4.000        0.350        0.800
    45:        1.340        1.430        2.020        2.420        3.200
    50:        3.350       -4.000        0.410        1.000        1.100
    55:        1.720        1.800        2.010        2.200        3.210
    60:        3.310        3.830       -4.000        0.450        1.040
    65:        2.200        3.240        3.720       -4.000        0.260
    70:        0.570        1.110        1.950        2.040        2.460
    75:       -4.000        0.640        0.740        0.780        1.890
    80:        2.480        2.710        4.430        4.840        5.680
    85:        7.250        8.000       -8.000       -8.000        0.290
    90:        1.220        1.560        2.510        3.260        4.370
    95:        4.510        4.650        4.730        5.600        5.680
   100:        5.750        6.310        6.460        6.810        7.340
   105:        7.840       -8.000       -8.000       -8.000       -8.000
   110:       -8.000       -8.000      -16.000      -16.000      -16.000
   115:      -16.000      -16.000      -16.000      -16.000      -32.000
   120:      -32.000      -32.000      -32.000



Start Date: 11/04/22
End Date: 11/04/22
Subject: Fran
Experiment: 0
Group: 0
Box: 7
Start Time: 15:06:31
End Time: 16:06:44
MSN: cibo-L-luce
A:
     0:       35.000        6.000        7.000        8.000        7.000
     5:        7.000
B:
     0:      105.000       18.000       21.000       24.000       21.000
     5:       21.000
C:
     0:        5.000        2.000        1.000        0.000        1.000
     5:        1.000
D:
     0:        5.000        2.000        1.000        0.000        1.000
     5:        1.000
I:
     0:       40.000        5.000        0.000
T:
     0:     3600.000       70.000      719.000        0.000        0.000
V:
     0:       -1.000       -1.000       -1.000       -1.000       -1.000
     5:       -1.000       -1.000       -1.000        0.580       -4.000
    10:        0.510       -4.000       -4.000        0.980       -4.000
    15:        0.600       -4.000        0.670       -4.000        1.000
    20:        1.420        1.510        1.750       -4.000        0.750
    25:       -4.000        0.490        0.590        0.820        5.400
    30:        5.770       -8.000        0.540        1.250        6.580
    35:       -8.000        0.460        0.670        3.510        6.430
    40:        6.500        7.970       -8.000        0.570        0.660
    45:        4.850       -8.000        0.550        5.740        7.990
    50:       -8.000        1.210       -8.000        0.590        1.390
    55:        2.190       -8.000        0.850        6.300       -8.000
    60:        1.250        1.330        1.570        7.400       11.740
    65:       14.670       15.860      -16.000        0.450        0.580
    70:        8.470        9.520       13.300       13.910       15.950
    75:      -16.000        0.400        0.470        4.000        4.350
    80:        6.170        8.030        8.440        8.750       10.500
    85:       14.490       14.850      -16.000        0.470        0.570
    90:        4.750        9.070       11.480       12.650      -16.000
    95:        0.410        0.680        8.390       11.310       11.510
   100:       14.240       15.210      -16.000        0.710        0.990
   105:        1.300        1.390        2.990        5.170        5.430
   110:        8.920       10.180       11.210       13.270       13.350
   115:       13.670       15.430      -16.000      -16.000        0.430
   120:        7.910       10.410       11.080       15.040       15.470
   125:      -16.000        0.270        6.340        6.770       15.700
   130:       16.950       19.540       20.780       22.250       23.530
   135:       24.050       25.360       25.850       26.730       27.130
   140:       27.180       27.460       30.110       30.970       31.440
   145:      -32.000        0.340        0.420        1.160        4.760
   150:        5.690        8.970        9.220       11.380       12.520
   155:       16.230       18.710       19.310       19.480       23.800
   160:       26.410       26.470       31.200      -32.000        0.350
   165:        0.490        0.560        1.130        1.280       10.460
   170:       10.570       23.260      -32.000        0.580        0.640
   175:        5.340        6.160        9.180        9.790       13.550
   180:       17.500       17.830       20.190       24.570      -32.000
   185:        0.320        0.930        1.210        1.600        7.310
   190:        7.770        9.340        9.870       12.490       12.570
   195:       14.130       14.660       18.750       19.050       21.600
   200:       22.380       22.500       29.120       31.510      -32.000
   205:        2.330        3.930        7.240        8.340        9.280
   210:       29.620       31.620      -32.000        5.310       14.420
   215:       24.900       25.050      -32.000      -32.000



Start Date: 11/04/22
End Date: 11/04/22
Subject: Catherine
Experiment: 0
Group: 0
Box: 8
Start Time: 15:06:39
End Time: 16:06:44
MSN: cibo-R-luce
A:
     0:       27.000        5.000        5.000        7.000        6.000
     5:        4.000
B:
     0:       81.000       15.000       15.000       21.000       18.000
     5:       12.000
C:
     0:       12.000        3.000        3.000        1.000        1.000
     5:        4.000
D:
     0:       12.000        3.000        3.000        1.000        1.000
     5:        4.000
I:
     0:       40.000        5.000        0.000
T:
     0:     3600.000       70.000      719.000        0.000        0.000
V:
     0:       -1.000       -1.000       -1.000       -1.000       -1.000
     5:       -1.000       -1.000       -1.000        0.290        0.890
    10:        2.570        2.630        3.470       -4.000       -4.000
    15:        0.260        2.450        2.730        3.190        3.820
    20:       -4.000       -4.000       -4.000        1.640        3.710
    25:        3.990       -4.000        2.690        3.100       -4.000
    30:        2.370       -4.000        2.090        3.020        3.780
    35:        4.220        5.120        5.520        6.060        6.690
    40:       -8.000        0.760        2.450        3.130        3.800
    45:        6.040        6.620        7.930       -8.000        0.990
    50:        2.520        3.230        5.900       -8.000        1.100
    55:        2.650        2.850        3.530        5.340        6.680
    60:        7.370       -8.000        1.340        2.180        3.410
    65:        3.980        5.440        7.340        7.710       -8.000
    70:        0.720        2.110        6.300        7.050       -8.000
    75:        1.550        6.120        7.870        7.990       -8.000
    80:       -8.000      -16.000        1.820        1.970        3.350
    85:        3.730        5.000        7.020        8.400        9.420
    90:       12.450       15.470      -16.000        6.990        7.370
    95:      -16.000      -16.000      -16.000        0.240        2.030
   100:        2.100        3.770      -16.000      -16.000        1.610
   105:        4.090        6.110        7.970        9.750       10.830
   110:       14.740       22.760       27.090      -32.000      -32.000
   115:        1.980        2.420        4.080       10.120       24.810
   120:       25.120      -32.000      -32.000        8.050       11.040
   125:       21.750      -32.000      -32.000      -32.000      -32.000
