File: C:\MED-PC IV\DATA\!2022-11-10


Start Date: 11/10/22
End Date: 11/10/22
Subject: Cecilia
Experiment: 0
Group: 0
Box: 5
Start Time: 14:15:03
End Time: 15:15:53
MSN: cibo-L-luce
A:
     0:       46.000        8.000        8.000        8.000        8.000
     5:        7.000
B:
     0:      117.000       24.000       24.000       24.000       24.000
     5:       21.000
C:
     0:        1.000        0.000        0.000        0.000        0.000
     5:        1.000
D:
     0:        1.000        0.000        0.000        0.000        0.000
     5:        1.000
I:
     0:       40.000        5.000        0.000
T:
     0:     3600.000       70.000      719.000        0.000        0.000
V:
     0:       -1.000       -1.000       -1.000       -1.000       -1.000
     5:       -1.000       -1.000       -1.000        0.570        1.080
    10:        1.450        2.030        2.580        2.730        3.460
    15:       -4.000        0.300        0.420        0.620        0.970
    20:        1.000        1.420        3.140        3.890       -4.000
    25:        0.400        0.880        0.980        1.090        2.010
    30:        2.590        3.250        3.860       -4.000        0.370
    35:        0.710        0.810        1.290        1.880        2.830
    40:        2.880        3.130        3.350        3.730       -4.000
    45:        0.850        1.300        2.130        2.830        3.300
    50:        3.420        3.490        3.810        3.870       -4.000
    55:        0.400        0.690        3.620       -4.000        1.000
    60:        1.710        2.040        2.600        3.590        3.670
    65:       -4.000        0.710        0.760        1.270        1.640
    70:        2.170        3.600       -4.000        0.290        0.640
    75:        1.120        1.790        1.890        2.590        3.410
    80:        3.620        3.630        3.660        4.290        4.340
    85:        4.500        5.070        5.370        5.610        6.960
    90:        7.710       -8.000        0.210        0.460        0.650
    95:        0.760        1.150        2.020        2.610        3.260
   100:        3.530        4.380        4.850        5.580        5.940
   105:        6.590        6.640        7.930       -8.000        0.310
   110:        0.550        1.000        2.290        3.000        3.910
   115:        4.480        4.590        5.250        6.380        7.270
   120:       -8.000        0.470        0.860        1.510        2.230
   125:        2.810        3.570        4.180        4.830        5.170
   130:        5.800        7.420        7.510        7.650        7.940
   135:       -8.000        0.630        0.650        1.590        2.170
   140:        2.770        3.040        3.230        3.490        4.130
   145:        4.760        5.380        6.190        6.810        6.980
   150:       -8.000        1.150        2.060        2.170        2.310
   155:        2.440        2.830        2.860        3.530        3.880
   160:        4.280        5.330        5.590        5.920        6.080
   165:        6.130        6.200        6.270        6.520        7.160
   170:       -8.000        0.520        1.250        2.360        2.990
   175:        3.460        3.640        4.130        4.630        5.660
   180:        5.950        5.980        7.910       -8.000        1.150
   185:        1.910        2.350        2.640        4.000        4.360
   190:        4.570        5.210        5.690        6.210        6.700
   195:       -8.000        0.290        0.830        0.920        1.710
   200:        1.740        2.370        2.920        4.030        4.900
   205:        5.660        5.780        5.960        6.330        7.200
   210:        7.640        8.050        8.540        8.760        9.570
   215:        9.890       10.100       10.360       10.930       11.000
   220:       11.780       12.090       12.510       13.000       14.940
   225:       15.160      -16.000        0.950        2.350        3.720
   230:        3.940        6.830        8.110        8.180        9.260
   235:       12.680       13.170       13.700       14.500       14.950
   240:       15.960      -16.000        7.140        7.530        9.110
   245:       12.590       12.820       14.590       15.500       15.600
   250:       15.750      -16.000        0.250        0.290        0.340
   255:        0.510        0.640        2.350        5.290       10.050
   260:       10.800       11.640       12.660       12.800       13.310
   265:       14.310       15.490      -16.000        1.140        5.680
   270:        5.910        7.110        8.110        9.110        9.460
   275:       10.150       13.680       14.190       14.760      -16.000
   280:      -16.000        1.040        1.710        2.440        3.780
   285:        3.870        4.330        5.180        5.910        6.740
   290:        7.700        8.460        8.940        9.520        9.650
   295:       10.170       11.260       11.360       11.430       11.590
   300:       12.100       12.700       14.500       15.160       15.730
   305:      -16.000        0.840        1.500        7.130        7.200
   310:        7.730        7.820        8.430        9.330        9.740
   315:       10.580       11.010       11.570       12.240       13.250
   320:       13.780       14.040       14.100       14.480       14.710
   325:       15.040       15.100       15.170       15.680      -16.000
   330:        0.660        3.760        5.380        6.050        6.200
   335:        6.590        7.230        8.110        9.430        9.970
   340:       10.250       11.920       12.580       15.260       15.670
   345:       17.430       17.880       22.580       25.790       26.900
   350:       27.790       27.900      -32.000        0.260       14.920
   355:      -32.000      -32.000        0.130        2.750        2.860
   360:       18.970       19.060      -32.000        0.460        4.190
   365:       27.990       28.380       31.500       31.620      -32.000
   370:      -32.000        0.300        2.410        2.760       27.560
   375:       27.920       29.410       30.810       31.470      -32.000
   380:        1.570      -32.000


Start Date: 11/10/22
End Date: 11/10/22
Subject: Susan
Experiment: 0
Group: 0
Box: 6
Start Time: 14:15:15
End Time: 15:15:53
MSN: cibo-R-luce
A:
     0:       14.000        5.000        6.000        1.000        1.000
     5:        1.000
B:
     0:       42.000       15.000       18.000        3.000        3.000
     5:        3.000
C:
     0:       26.000        3.000        2.000        7.000        7.000
     5:        7.000
D:
     0:       26.000        3.000        2.000        7.000        7.000
     5:        7.000
I:
     0:       40.000        5.000        0.000
T:
     0:     3600.000       70.000      719.000        0.000        0.000
V:
     0:       -1.000       -1.000       -1.000       -1.000       -1.000
     5:       -1.000       -1.000       -1.000        0.270       -4.000
    10:       -4.000       -4.000       -4.000       -4.000        0.630
    15:        1.100       -4.000       -4.000       -4.000       -8.000
    20:       -8.000       -8.000       -8.000       -8.000       -8.000
    25:       -8.000       -8.000      -16.000      -16.000      -16.000
    30:      -16.000      -16.000      -16.000      -16.000      -16.000
    35:      -32.000      -32.000      -32.000      -32.000      -32.000
    40:      -32.000      -32.000      -32.000


Start Date: 11/10/22
End Date: 11/10/22
Subject: Virginia
Experiment: 0
Group: 0
Box: 7
Start Time: 14:15:35
End Time: 15:15:53
MSN: cibo-L-luce
A:
     0:       29.000        8.000        8.000        6.000        3.000
     5:        4.000
B:
     0:       87.000       24.000       24.000       18.000        9.000
     5:       12.000
C:
     0:        7.000        0.000        0.000        1.000        2.000
     5:        4.000
D:
     0:        7.000        0.000        0.000        1.000        2.000
     5:        4.000
I:
     0:       40.000        5.000        0.000
T:
     0:     3600.000       70.000      719.000        0.000        0.000
V:
     0:       -1.000       -1.000       -1.000       -1.000       -1.000
     5:       -1.000       -1.000       -1.000        0.260        1.440
    10:        2.200       -4.000        3.400       -4.000       -4.000
    15:        1.020        3.830       -4.000        0.550        0.660
    20:        0.760        2.160        3.810       -4.000        0.380
    25:        0.480        1.580        3.230        3.250       -4.000
    30:        3.310       -4.000        2.750       -4.000        4.920
    35:        5.110       -8.000        7.830       -8.000       -8.000
    40:        1.650        2.680        2.840        2.880        5.720
    45:        5.820        6.450       -8.000        3.900       -8.000
    50:        6.790        6.870       -8.000        0.700        1.840
    55:        4.990       -8.000        2.240        4.440        5.160
    60:        5.460        6.690        6.700        7.100       10.060
    65:       11.400       11.800      -16.000      -16.000      -16.000
    70:        2.760        8.930        9.290       12.500       12.640
    75:      -16.000      -16.000      -32.000      -32.000      -32.000
    80:        0.630       14.900       15.010       15.260       15.350
    85:       15.560      -32.000        0.240        0.460        1.450
    90:      -32.000        0.440        5.400        5.450       12.580
    95:       15.750       16.120       16.540       22.330       22.390
   100:      -32.000        3.350        7.090      -32.000      -32.000


Start Date: 11/10/22
End Date: 11/10/22
Subject: Patricia
Experiment: 0
Group: 0
Box: 8
Start Time: 14:15:45
End Time: 15:15:53
MSN: cibo-R-luce
A:
     0:       11.000        8.000        3.000        0.000        0.000
     5:        0.000
B:
     0:       33.000       24.000        9.000        0.000        0.000
     5:        0.000
C:
     0:       18.000        0.000        4.000        5.000        3.000
     5:        6.000
D:
     0:       18.000        0.000        4.000        5.000        3.000
     5:        6.000
I:
     0:       40.000        5.000        0.000
T:
     0:     3600.000       70.000      719.000        0.000        0.000
V:
     0:       -1.000       -1.000       -1.000       -1.000       -1.000
     5:       -1.000       -1.000       -1.000        1.280        1.400
    10:        2.770        2.900       -4.000        1.140       -4.000
    15:        0.250        1.350        1.440        1.510        1.760
    20:        2.320        3.320        3.830       -4.000       -4.000
    25:       -4.000       -4.000       -4.000       -8.000       -8.000
    30:       -8.000       -8.000       -8.000      -16.000      -16.000
    35:      -16.000      -32.000      -32.000      -32.000      -32.000
    40:      -32.000      -32.000
