File: C:\MED-PC IV\DATA\!2022-10-16


Start Date: 10/16/22
End Date: 10/16/22
Subject: Cecilia
Experiment: 0
Group: 0
Box: 5
Start Time: 12:39:56
End Time: 13:45:54
MSN: cibo-luce-L
A:
     0:       36.000        6.000        8.000        7.000        8.000
     5:        7.000
B:
     0:      108.000       18.000       24.000       21.000       24.000
     5:       21.000
C:
     0:        3.000        2.000        0.000        1.000        0.000
     5:        0.000
D:
     0:        3.000        2.000        0.000        1.000        0.000
     5:        0.000
I:
     0:       40.000        5.000        0.000
T:
     0:     3600.000       70.000      719.000        0.000        0.000
V:
     0:       -1.000       -1.000       -1.000       -1.000       -1.000
     5:       -1.000       -1.000       -1.000        0.800        0.850
    10:        1.390       -4.000        1.290        1.400        2.380
    15:       -4.000        1.000        1.350        1.880        3.420
    20:        3.610       -4.000        1.970       -4.000        0.140
    25:        1.360        1.850       -4.000        1.090        1.330
    30:        2.220       -4.000        1.730        1.760        2.520
    35:        3.140       -4.000        1.360        1.890        2.520
    40:        3.250       -4.000        0.450        1.720        2.930
    45:        3.520       -8.000       -8.000        1.790        2.030
    50:        3.180        3.710        5.900        6.610        6.860
    55:       -8.000        3.350        6.300        6.920       -8.000
    60:        1.440        3.910        4.550        5.180        6.970
    65:       -8.000        0.160        2.910        3.230        4.690
    70:        6.530       -8.000        1.300        1.760        3.010
    75:        3.450        4.580        5.610        7.740       -8.000
    80:        1.450        1.630        1.800        3.450        5.030
    85:       -8.000        1.160        1.240        1.370        1.720
    90:        2.440        4.210        4.430        7.020        9.270
    95:      -16.000        0.410        2.060        4.210        6.520
   100:      -16.000        0.600        2.240        2.730        3.410
   105:        4.590        5.050        5.130        5.270        7.590
   110:        8.540        9.570       13.740       14.240       14.580
   115:      -16.000        2.710        3.770        4.810        5.480
   120:      -16.000        0.390        0.450        2.110        3.120
   125:        3.490        4.930      -16.000        1.220        1.680
   130:        1.720        5.050        5.790      -16.000        0.560
   135:        1.010        2.660        3.230        5.140        8.490
   140:        8.580       11.090       11.570       13.430      -16.000
   145:        0.380        1.160        1.480        4.070        6.230
   150:        9.000        9.090       11.480       12.030       14.170
   155:      -16.000        2.300        5.760       14.010       16.020
   160:       27.550       27.620      -32.000        2.070        3.480
   165:        4.740        5.300        7.560        9.860      -32.000
   170:        0.360        1.060        2.290        4.550        6.110
   175:        8.070        8.370       12.300      -32.000        0.700
   180:        1.260        1.950      -32.000        0.170        1.150
   185:        4.740      -32.000        0.110        1.830        4.960
   190:      -32.000        0.120        4.670      -32.000


Start Date: 10/16/22
End Date: 10/16/22
Subject: Susan
Experiment: 0
Group: 0
Box: 6
Start Time: 12:40:13
End Time: 13:45:54
MSN: cibo-luce-R
A:
     0:       28.000        8.000        7.000        8.000        4.000
     5:        1.000
B:
     0:       84.000       24.000       21.000       24.000       12.000
     5:        3.000
C:
     0:       11.000        0.000        1.000        0.000        4.000
     5:        6.000
D:
     0:       11.000        0.000        1.000        0.000        4.000
     5:        6.000
I:
     0:       40.000        5.000        0.000
T:
     0:     3600.000       70.000      719.000        0.000        0.000
V:
     0:       -1.000       -1.000       -1.000       -1.000       -1.000
     5:       -1.000       -1.000       -1.000        0.380        1.160
    10:       -4.000        0.350        1.380        1.860       -4.000
    15:       -4.000        0.410        0.840        1.820       -4.000
    20:        1.160        1.750       -4.000        0.370        0.570
    25:        1.520        2.550       -4.000        0.330        0.480
    30:        2.430        2.720       -4.000        0.490       -4.000
    35:       -8.000        0.170        1.070        2.420       -8.000
    40:        0.290        3.240       -8.000        0.220        0.340
    45:        7.170       -8.000        0.220        0.350        1.840
    50:        2.160       -8.000        0.260        0.460        0.980
    55:        2.420        4.320        7.310       -8.000        0.230
    60:        0.360        0.920        3.220        7.460        7.970
    65:       -8.000        0.200        0.340        1.950        4.210
    70:        6.830       -8.000      -16.000        0.240        0.270
    75:        1.610        4.220        5.350        6.860      -16.000
    80:        0.120        0.240        2.360        2.840      -16.000
    85:      -16.000      -16.000      -16.000      -16.000        1.510
    90:        5.230      -16.000      -32.000      -32.000      -32.000
    95:      -32.000      -32.000        0.220        3.560        9.040
   100:       28.960       29.030      -32.000      -32.000


Start Date: 10/16/22
End Date: 10/16/22
Subject: Virgina
Experiment: 0
Group: 0
Box: 7
Start Time: 12:40:25
End Time: 13:45:54
MSN: cibo-luce-L
A:
     0:       37.000        8.000        8.000        8.000        7.000
     5:        6.000
B:
     0:      111.000       24.000       24.000       24.000       21.000
     5:       18.000
C:
     0:        0.000        0.000        0.000        0.000        0.000
     5:        0.000
D:
     0:        0.000        0.000        0.000        0.000        0.000
     5:        0.000
I:
     0:       40.000        5.000        0.000
T:
     0:     3600.000       70.000      719.000        0.000        0.000
V:
     0:       -1.000       -1.000       -1.000       -1.000       -1.000
     5:       -1.000       -1.000       -1.000        0.160        0.280
    10:       -4.000        0.430       -4.000        0.180        2.820
    15:        2.860        3.100       -4.000        0.300        2.320
    20:       -4.000        0.160        0.320        2.320       -4.000
    25:        0.340       -4.000        0.250        0.570        3.380
    30:       -4.000       -4.000        2.590        2.890       -8.000
    35:        0.300        3.510        3.980        6.960       -8.000
    40:        0.300        1.790        2.680       -8.000        0.170
    45:        1.380        4.120       -8.000        4.190        6.350
    50:       -8.000        0.510        0.960        2.440        5.920
    55:       -8.000        0.240       -8.000        1.550        3.620
    60:       -8.000        0.120        1.890        3.650        6.510
    65:        6.580        6.690      -16.000        2.000        2.830
    70:      -16.000        0.290        0.450        1.800        3.650
    75:        4.630      -16.000        4.490        4.560        5.230
    80:        5.600      -16.000        0.110        6.940        8.870
    85:      -16.000        0.180        4.780      -16.000      -16.000
    90:      -32.000      -32.000        0.130      -32.000        0.190
    95:        4.590      -32.000        0.140      -32.000        0.900
   100:      -32.000


Start Date: 10/16/22
End Date: 10/16/22
Subject: Patricia
Experiment: 0
Group: 0
Box: 8
Start Time: 12:40:38
End Time: 13:45:54
MSN: cibo-luce-R
A:
     0:       20.000        7.000        6.000        6.000        1.000
     5:        0.000
B:
     0:       60.000       21.000       18.000       18.000        3.000
     5:        0.000
C:
     0:        3.000        1.000        0.000        1.000        1.000
     5:        0.000
D:
     0:        3.000        1.000        0.000        1.000        1.000
     5:        0.000
I:
     0:       40.000        5.000        0.000
T:
     0:     3600.000       70.000      719.000        0.000        0.000
V:
     0:       -1.000       -1.000       -1.000       -1.000       -1.000
     5:       -1.000       -1.000       -1.000        0.300        3.430
    10:       -4.000        0.680        0.720        2.090        3.700
    15:       -4.000        0.260        1.070       -4.000        0.280
    20:       -4.000        0.370        0.560       -4.000        0.320
    25:        2.000       -4.000        0.210       -8.000       -8.000
    30:        0.300        0.360        1.020       -8.000        0.370
    35:       -8.000        0.240        0.690       -8.000        0.550
    40:        0.760       -8.000        0.230       -8.000      -16.000
    45:      -16.000


Start Date: 10/16/22
End Date: 10/16/22
Subject: Marian
Experiment: 0
Group: 0
Box: 5
Start Time: 13:51:37
End Time: 14:55:02
MSN: cibo-luce-L
A:
     0:       35.000        8.000        7.000        7.000        8.000
     5:        5.000
B:
     0:      105.000       24.000       21.000       21.000       24.000
     5:       15.000
C:
     0:        1.000        0.000        1.000        0.000        0.000
     5:        0.000
D:
     0:        1.000        0.000        1.000        0.000        0.000
     5:        0.000
I:
     0:       40.000        5.000        0.000
T:
     0:     3600.000       70.000      719.000        0.000        0.000
V:
     0:       -1.000       -1.000       -1.000       -1.000       -1.000
     5:       -1.000       -1.000       -1.000        0.680        1.760
    10:        2.660       -4.000        0.640        1.770        2.360
    15:        3.630        3.730        3.750       -4.000       -4.000
    20:        0.480        3.680       -4.000       -4.000        0.930
    25:       -4.000        0.450        2.270       -4.000        0.760
    30:        1.660       -4.000        0.620        4.920        6.640
    35:       -8.000        0.280        2.170        5.210        5.490
    40:        6.470        6.910       -8.000        2.530        5.720
    45:        7.660       -8.000        0.330        1.190        1.380
    50:        4.120        4.610        4.880        5.840        6.360
    55:        6.820       -8.000        0.450        0.510        3.890
    60:        6.070        7.760       -8.000        0.340        1.110
    65:        2.560        2.590        4.880        5.340        5.890
    70:        7.710       -8.000        1.670        4.930        5.570
    75:        6.690       -8.000        0.470        3.130        3.190
    80:        3.330        4.490        6.570        7.610       11.640
    85:       11.700       12.100       13.030      -16.000        1.330
    90:        1.810        3.440        4.360        5.290        6.200
    95:        8.480       10.020       10.240       13.820      -16.000
   100:        0.440        0.560        1.030        2.410        3.420
   105:        4.180        4.610        5.470        8.360        8.600
   110:        8.800        9.220       11.570       11.620       13.630
   115:       13.890      -16.000        0.230        1.610        2.530
   120:        2.580        3.530        4.950        6.990        9.200
   125:       12.100       12.720      -16.000        0.230        1.370
   130:        2.250        2.680        6.100        8.110        8.200
   135:       10.100       13.830       15.630       15.730       15.890
   140:      -16.000        1.280        2.750        4.640        5.900
   145:        6.680      -16.000        1.290        1.560        2.480
   150:        6.400      -16.000        0.800        2.820        3.050
   155:        4.570        5.250       13.030       15.620       15.900
   160:      -16.000        0.120        0.190        1.160        3.200
   165:        6.530        7.990        8.540       13.390       14.330
   170:       16.490       18.020       18.530       20.130       24.020
   175:       27.790       28.040       28.770      -32.000        1.830
   180:        4.100        5.210        7.000        7.490        8.200
   185:        8.600       10.340       14.990      -32.000        0.720
   190:        0.820        1.190        4.790        6.740        8.040
   195:        8.660        9.680       11.980       13.290       18.940
   200:      -32.000        0.260        1.300        3.420        4.410
   205:        4.470        4.900        6.490        9.950       12.320
   210:       13.930       15.440      -32.000        0.850        0.930
   215:        3.570      -32.000


Start Date: 10/16/22
End Date: 10/16/22
Subject: Sara
Experiment: 0
Group: 0
Box: 6
Start Time: 13:51:50
End Time: 14:55:02
MSN: cibo-luce-R
A:
     0:       26.000        7.000        8.000        7.000        4.000
     5:        0.000
B:
     0:       78.000       21.000       24.000       21.000       12.000
     5:        0.000
C:
     0:        7.000        1.000        0.000        1.000        3.000
     5:        2.000
D:
     0:        7.000        1.000        0.000        1.000        3.000
     5:        2.000
I:
     0:       40.000        5.000        0.000
T:
     0:     3600.000       70.000      719.000        0.000        0.000
V:
     0:       -1.000       -1.000       -1.000       -1.000       -1.000
     5:       -1.000       -1.000       -1.000        0.380        3.280
    10:        3.470       -4.000        0.390       -4.000       -4.000
    15:       -4.000        1.970       -4.000       -4.000       -4.000
    20:       -4.000       -8.000       -8.000       -8.000        1.210
    25:        3.410        5.380        5.440       -8.000        2.600
    30:       -8.000        0.320        6.950       -8.000        5.080
    35:       -8.000        0.460        0.510       -8.000        0.800
    40:      -16.000      -16.000      -16.000      -16.000      -16.000
    45:      -16.000        0.150        0.200       10.270      -16.000
    50:      -32.000      -32.000


Start Date: 10/16/22
End Date: 10/16/22
Subject: Fran
Experiment: 0
Group: 0
Box: 7
Start Time: 13:52:00
End Time: 14:55:02
MSN: cibo-luce-L
A:
     0:       17.000        4.000        2.000        5.000        4.000
     5:        2.000
B:
     0:       51.000       12.000        6.000       15.000       12.000
     5:        6.000
C:
     0:       23.000        4.000        6.000        3.000        4.000
     5:        6.000
D:
     0:       23.000        4.000        6.000        3.000        4.000
     5:        6.000
I:
     0:       40.000        5.000        0.000
T:
     0:     3600.000       70.000      719.000        0.000        0.000
V:
     0:       -1.000       -1.000       -1.000       -1.000       -1.000
     5:       -1.000       -1.000       -1.000       -4.000       -4.000
    10:        0.350        2.190        2.690       -4.000       -4.000
    15:       -4.000        0.640        1.180        1.530        1.880
    20:        1.930        3.050       -4.000       -4.000       -4.000
    25:        0.470        1.460        1.920        4.920        6.090
    30:        6.720        7.100       -8.000       -8.000        0.620
    35:        1.030        1.370        1.390        3.170        4.080
    40:        6.460        6.840        7.000        7.150       -8.000
    45:        1.250        1.530        4.000        4.710        5.400
    50:        5.500        6.060        6.140        7.450       -8.000
    55:        0.320        0.810        1.600        2.370        2.480
    60:        2.910        3.540        4.840        4.940        6.130
    65:        6.300        6.600       -8.000        1.260        2.360
    70:        3.380        4.060        5.100        7.420       -8.000
    75:       -8.000       -8.000        0.640        1.540        2.180
    80:        3.300        6.460        6.490        8.870       14.070
    85:       14.630       14.930       15.130      -16.000      -16.000
    90:      -16.000        0.330        0.660        1.790        2.370
    95:        2.380        4.020        4.230        4.420        6.690
   100:        6.830        7.330       10.180       11.440       11.540
   105:       12.160       13.090       14.750       14.780       15.510
   110:      -16.000        0.920        1.170        2.170        2.650
   115:        5.690        8.630        8.700       12.470       14.050
   120:       15.450      -16.000      -16.000      -16.000        0.720
   125:        2.410        2.530        3.600        4.050        6.950
   130:        8.160        8.810       10.700       14.600      -16.000
   135:      -32.000        0.490        1.150        1.460        5.360
   140:        5.970       11.740       14.260       15.530       15.670
   145:       16.350       17.310       21.020       21.820       21.910
   150:       22.170       22.290       28.260       30.750       30.810
   155:      -32.000        0.450        0.960        1.890        2.260
   160:        2.880        3.210        4.320        4.920        4.950
   165:        5.720        6.530        7.120        7.150        7.440
   170:        7.470        7.640        8.140        8.260        8.360
   175:        8.410        8.910       16.080       17.860       17.930
   180:       24.430       25.040       25.980       27.100       30.680
   185:      -32.000      -32.000      -32.000      -32.000      -32.000
   190:      -32.000


Start Date: 10/16/22
End Date: 10/16/22
Subject: Catherine
Experiment: 0
Group: 0
Box: 8
Start Time: 13:52:12
End Time: 14:55:02
MSN: cibo-luce-R
A:
     0:       36.000        7.000        8.000        8.000        8.000
     5:        5.000
B:
     0:      108.000       21.000       24.000       24.000       24.000
     5:       15.000
C:
     0:        4.000        1.000        0.000        0.000        0.000
     5:        3.000
D:
     0:        4.000        1.000        0.000        0.000        0.000
     5:        3.000
I:
     0:       40.000        5.000        0.000
T:
     0:     3600.000       70.000      719.000        0.000        0.000
V:
     0:       -1.000       -1.000       -1.000       -1.000       -1.000
     5:       -1.000       -1.000       -1.000        0.150        2.610
    10:        3.090       -4.000        0.190       -4.000        0.240
    15:        0.340        0.510        3.320       -4.000        0.230
    20:       -4.000        0.330       -4.000       -4.000       -4.000
    25:       -4.000        0.250        0.880        0.920        1.110
    30:        2.070        3.410        3.690        3.730       -8.000
    35:        0.280       -8.000        5.450       -8.000        3.550
    40:        6.550       -8.000       -8.000       -8.000        4.090
    45:       -8.000       -8.000        4.470      -16.000      -16.000
    50:        1.290        1.370        6.120        6.150      -16.000
    55:        2.720        6.620       11.220       11.290       11.630
    60:      -16.000        0.700        0.920        1.320      -16.000
    65:        2.080      -16.000        1.040        5.120      -16.000
    70:      -16.000      -32.000      -32.000      -32.000        3.150
    75:       19.270      -32.000      -32.000      -32.000      -32.000
    80:      -32.000
