File: C:\MED-PC IV\DATA\!2022-11-22


Start Date: 11/22/22
End Date: 11/22/22
Subject: Sara
Experiment: 0
Group: 0
Box: 6
Start Time: 13:58:40
End Time: 14:59:13
MSN: cibo-R-luce
A:
     0:       18.000        6.000        6.000        4.000        1.000
     5:        1.000
B:
     0:       54.000       18.000       18.000       12.000        3.000
     5:        3.000
C:
     0:       14.000        2.000        2.000        3.000        5.000
     5:        2.000
D:
     0:       14.000        2.000        2.000        3.000        5.000
     5:        2.000
I:
     0:       40.000        5.000        0.000
T:
     0:     3600.000       70.000      719.000        0.000        0.000
V:
     0:       -1.000       -1.000       -1.000       -1.000       -1.000
     5:       -1.000       -1.000       -1.000        0.330        0.900
    10:        1.190        1.380        1.570        1.750        2.190
    15:        2.340        3.030        3.750       -4.000       -4.000
    20:        0.310        1.160        1.760        1.790        2.340
    25:        2.610        2.700        3.830        3.950       -4.000
    30:        0.320        0.690        1.240        1.620        2.260
    35:        2.580        2.940        3.070        3.630       -4.000
    40:        0.350        1.760       -4.000       -4.000       -4.000
    45:        0.390        1.200        2.000        2.890        2.980
    50:       -4.000        0.850        1.670        2.790        3.270
    55:        4.530        4.990        5.160        6.260        6.690
    60:        7.040        7.890        7.950       -8.000       -8.000
    65:        0.870        1.840        2.810        3.730        4.050
    70:        6.280        7.570       -8.000        3.410        3.620
    75:        3.810        4.600        5.230        5.650        6.700
    80:        7.260        7.890       -8.000       -8.000       -8.000
    85:       -8.000      -16.000      -16.000      -16.000      -16.000
    90:      -16.000      -16.000       12.490      -32.000      -32.000
    95:      -32.000


Start Date: 11/22/22
End Date: 11/22/22
Subject: Catherine
Experiment: 0
Group: 0
Box: 8
Start Time: 13:58:56
End Time: 14:59:13
MSN: cibo-R-luce
A:
     0:       15.000        7.000        2.000        4.000        2.000
     5:        0.000
B:
     0:       45.000       21.000        6.000       12.000        6.000
     5:        0.000
C:
     0:       12.000        1.000        6.000        3.000        2.000
     5:        0.000
D:
     0:       12.000        1.000        6.000        3.000        2.000
     5:        0.000
I:
     0:       40.000        5.000        0.000
T:
     0:     3600.000       70.000      719.000        0.000        0.000
V:
     0:       -1.000       -1.000       -1.000       -1.000       -1.000
     5:       -1.000       -1.000       -1.000       -4.000        0.200
    10:        0.930        1.810        1.890        2.790        3.240
    15:        3.390        3.960       -4.000       -4.000       -4.000
    20:       -4.000       -4.000       -4.000        0.240        1.430
    25:        2.530        3.340       -4.000        0.600        1.090
    30:        2.180        2.620        3.080        3.710        4.630
    35:        4.970        5.190        5.630        5.910        6.410
    40:        6.900        7.340        7.510       -8.000       -8.000
    45:        0.130        1.210        2.820        3.560        4.700
    50:        5.790        6.720        7.660       -8.000       -8.000
    55:        0.550        1.400        3.290        4.070        4.670
    60:        4.710        6.080        6.640        7.110        7.550
    65:        7.620        7.770       -8.000        3.140        3.940
    70:       -8.000       -8.000        1.460        1.560        2.770
    75:        4.500        6.620        7.090        8.500        8.680
    80:       10.800       11.140       11.180       11.270       11.520
    85:       11.530       11.590       11.890       11.920       12.760
    90:       12.960       13.570       13.810       13.880      -16.000
    95:        0.460        0.720        1.420        5.030        8.360
   100:        9.270       15.260      -16.000      -16.000      -16.000
