File: C:\MED-PC IV\DATA\!2022-11-28


Start Date: 11/28/22
End Date: 11/28/22
Subject: Sara
Experiment: 0
Group: 0
Box: 6
Start Time: 14:26:10
End Time: 15:26:29
MSN: cibo-R-luce
A:
     0:       16.000        6.000        8.000        0.000        0.000
     5:        2.000
B:
     0:       48.000       18.000       24.000        0.000        0.000
     5:        6.000
C:
     0:       18.000        2.000        0.000        8.000        5.000
     5:        3.000
D:
     0:       18.000        2.000        0.000        8.000        5.000
     5:        3.000
I:
     0:       40.000        5.000        0.000
T:
     0:     3600.000       70.000      719.000        0.000        0.000
V:
     0:       -1.000       -1.000       -1.000       -1.000       -1.000
     5:       -1.000       -1.000       -1.000        0.410        1.490
    10:        1.710        2.520        3.550       -4.000        0.840
    15:        1.500        1.940        2.150        3.300        3.920
    20:       -4.000        0.320        0.410        1.020        1.690
    25:        2.100        2.210        3.270        3.510       -4.000
    30:        0.460        0.530        0.590        1.180        1.680
    35:        2.050        2.590        3.200        3.320       -4.000
    40:        0.340        0.440        0.560        1.190        1.570
    45:        2.060        2.540        2.690        2.750        3.410
    50:        3.580       -4.000        1.270        1.600        2.890
    55:        3.030        3.990       -4.000        0.530        0.970
    60:        1.370        1.570        1.920        2.130        2.580
    65:        2.690        3.530       -4.000        0.380        1.210
    70:        1.590        1.830        2.330        2.540        3.940
    75:       -4.000       -8.000       -8.000       -8.000       -8.000
    80:       -8.000       -8.000       -8.000       -8.000      -16.000
    85:      -16.000      -16.000      -16.000      -16.000      -32.000
    90:      -32.000      -32.000      -32.000      -32.000


Start Date: 11/28/22
End Date: 11/28/22
Subject: Catherine
Experiment: 0
Group: 0
Box: 8
Start Time: 14:26:17
End Time: 15:26:29
MSN: cibo-R-luce
A:
     0:       19.000        6.000        7.000        5.000        1.000
     5:        0.000
B:
     0:       57.000       18.000       21.000       15.000        3.000
     5:        0.000
C:
     0:       14.000        2.000        1.000        3.000        4.000
     5:        4.000
D:
     0:       14.000        2.000        1.000        3.000        4.000
     5:        4.000
I:
     0:       40.000        5.000        0.000
T:
     0:     3600.000       70.000      719.000        0.000        0.000
V:
     0:       -1.000       -1.000       -1.000       -1.000       -1.000
     5:       -1.000       -1.000       -1.000        0.120        2.080
    10:        2.790        3.770       -4.000        0.190        2.200
    15:        2.370        2.780       -4.000        2.300        2.630
    20:        2.830        3.300        3.660       -4.000       -4.000
    25:        2.170        2.290        2.340        3.050        3.560
    30:       -4.000        1.350        1.420        3.630        3.680
    35:       -4.000        0.350        0.400        0.740        3.610
    40:       -4.000        0.980        1.960        2.070        2.390
    45:        3.010        3.920       -4.000        0.320        0.500
    50:        1.370        1.740        2.170        3.350        4.080
    55:        4.460        4.970        5.650        6.080        6.170
    60:        6.760        6.830        7.450        7.910       -8.000
    65:        1.610        2.200        2.590        2.610        3.230
    70:        3.900        4.410        6.090        7.360        7.460
    75:       -8.000        0.740        0.950        2.160        3.260
    80:        3.880        4.240        4.380        5.070        6.160
    85:        7.640       -8.000       -8.000       -8.000        1.260
    90:        3.680        4.660        5.340        5.480        6.050
    95:        6.280        6.640        7.060       -8.000       -8.000
   100:        2.510        2.540        2.620        3.990        6.390
   105:        7.440       -8.000      -16.000      -16.000      -16.000
   110:      -16.000      -16.000      -32.000      -32.000      -32.000
   115:      -32.000
