File: C:\MED-PC IV\DATA\!2022-11-17


Start Date: 11/17/22
End Date: 11/17/22
Subject: Marian
Experiment: 0
Group: 0
Box: 5
Start Time: 13:58:21
End Time: 14:58:53
MSN: cibo-L-luce
A:
     0:       31.000        8.000        8.000        7.000        6.000
     5:        2.000
B:
     0:       93.000       24.000       24.000       21.000       18.000
     5:        6.000
C:
     0:        3.000        0.000        0.000        1.000        1.000
     5:        1.000
D:
     0:        3.000        0.000        0.000        1.000        1.000
     5:        1.000
I:
     0:       40.000        5.000        0.000
T:
     0:     3600.000       70.000      719.000        0.000        0.000
V:
     0:       -1.000       -1.000       -1.000       -1.000       -1.000
     5:       -1.000       -1.000       -1.000        1.070        2.040
    10:        2.140        2.270        2.640        2.970        3.790
    15:        3.810       -4.000        0.640        1.210        2.250
    20:        2.450       -4.000        0.440        1.250        1.390
    25:        2.080        2.100        2.980        3.070        3.520
    30:       -4.000        0.530        0.580        0.630        1.010
    35:        1.640        2.500        3.560        3.650       -4.000
    40:        0.840        1.030        2.160        2.330        2.440
    45:        2.860       -4.000        1.490        1.540        1.630
    50:        2.000        2.120        2.670        2.710        2.870
    55:        3.960        3.980       -4.000        0.480        1.110
    60:        1.180        1.670        3.030        3.170       -4.000
    65:        1.670        1.790        2.560        2.720        2.930
    70:       -4.000        0.470        0.520        1.800        2.580
    75:        4.430        6.130        7.090        7.120        7.180
    80:        7.540        7.790       -8.000        0.380        0.520
    85:        1.060        1.320        1.830        4.240        4.950
    90:        6.950       -8.000        1.000        1.230        1.310
    95:        1.510        2.070        2.090        5.380        5.850
   100:       -8.000        0.460        1.990        2.450        2.480
   105:        2.780        3.860        4.410        5.150        5.340
   110:        5.650        6.080        7.850       -8.000        0.500
   115:        1.740        2.400        2.880        3.390        3.430
   120:       -8.000       -8.000        0.340        0.460        1.610
   125:        1.930        2.230        3.490        3.890       -8.000
   130:        1.910        2.010        2.110        2.680        3.450
   135:        3.520        4.520        6.070        7.130       -8.000
   140:        0.510        1.570        2.040        2.530        3.170
   145:        3.320        4.370        4.850        8.080       10.990
   150:       13.910       14.040       14.980       15.810      -16.000
   155:        0.390        0.440        0.960        1.120        1.930
   160:        4.300        4.440        5.080        5.790        6.600
   165:        7.630        7.870        8.110        8.980        9.140
   170:       10.750       13.080       13.100       15.330      -16.000
   175:        6.700       10.560       11.050       12.180       12.900
   180:       13.430       14.480      -16.000        0.400        1.340
   185:        1.400        1.470        1.860        2.510        2.800
   190:        2.840        3.340        6.330        6.750       11.880
   195:       12.570       14.920      -16.000      -16.000        0.310
   200:        0.430        1.240        1.900        4.050        4.720
   205:        7.390       12.030       13.530       14.240       14.340
   210:      -16.000        1.350        2.860        3.800        5.330
   215:        5.800        6.300        6.570        7.000       13.350
   220:       15.370       15.480       15.560      -16.000      -32.000
   225:      -32.000       28.710      -32.000


Start Date: 11/17/22
End Date: 11/17/22
Subject: Sara
Experiment: 0
Group: 0
Box: 6
Start Time: 13:58:28
End Time: 14:58:53
MSN: cibo-R-luce
A:
     0:       17.000        8.000        3.000        2.000        2.000
     5:        2.000
B:
     0:       51.000       24.000        9.000        6.000        6.000
     5:        6.000
C:
     0:       16.000        0.000        5.000        6.000        5.000
     5:        0.000
D:
     0:       16.000        0.000        5.000        6.000        5.000
     5:        0.000
I:
     0:       40.000        5.000        0.000
T:
     0:     3600.000       70.000      719.000        0.000        0.000
V:
     0:       -1.000       -1.000       -1.000       -1.000       -1.000
     5:       -1.000       -1.000       -1.000        0.250        1.830
    10:        2.720       -4.000        0.250        1.010        1.730
    15:        1.780        2.560        3.090        3.870       -4.000
    20:        0.240        0.810        1.470        2.080        2.310
    25:        3.150        3.180        3.270        4.000       -4.000
    30:       -4.000       -4.000       -4.000       -4.000       -4.000
    35:       -8.000        0.190        1.440        2.520        3.450
    40:        3.670        4.890        5.090        5.550        6.160
    45:        6.270        6.610        6.960        7.240       -8.000
    50:       -8.000       -8.000       -8.000       -8.000        0.200
    55:        0.920        2.030        2.920        3.740        3.890
    60:        3.970        4.290        4.350        5.410        5.470
    65:        5.640        6.040        7.290        7.660       -8.000
    70:       -8.000      -16.000      -16.000      -16.000      -16.000
    75:      -16.000        0.960        1.040        2.720        2.890
    80:        8.620        9.950       10.560       11.560       11.970
    85:      -16.000        0.130        1.370        1.880        2.540
    90:        2.870        3.200        4.210        4.750        5.170
    95:        5.730        6.160        8.680        9.680        9.880
   100:       10.250       11.580       12.630       12.860       13.430
   105:       13.550       13.760       15.700      -16.000        0.420
   110:        1.960        3.750        4.610        5.170       10.480
   115:       11.610       12.160       12.700       15.740       16.580
   120:       17.420       17.890       18.070       18.660       19.120
   125:       19.590       20.020       21.220       23.850       29.830
   130:      -32.000        0.140        0.330        1.710        2.220
   135:        2.250        4.300        5.780        6.770        7.470
   140:        8.310       10.450       11.030       12.670       12.950
   145:       13.620       14.670       14.730      -32.000


Start Date: 11/17/22
End Date: 11/17/22
Subject: Fran
Experiment: 0
Group: 0
Box: 7
Start Time: 13:58:38
End Time: 14:58:53
MSN: cibo-L-luce
A:
     0:       33.000        7.000        7.000        6.000        7.000
     5:        6.000
B:
     0:       99.000       21.000       21.000       18.000       21.000
     5:       18.000
C:
     0:        5.000        1.000        1.000        1.000        0.000
     5:        2.000
D:
     0:        5.000        1.000        1.000        1.000        0.000
     5:        2.000
I:
     0:       40.000        5.000        0.000
T:
     0:     3600.000       70.000      719.000        0.000        0.000
V:
     0:       -1.000       -1.000       -1.000       -1.000       -1.000
     5:       -1.000       -1.000       -1.000        0.430        0.850
    10:        3.090        3.680       -4.000       -4.000        0.400
    15:        3.790       -4.000        0.480        3.010       -4.000
    20:        0.630        1.330       -4.000        0.720        3.810
    25:       -4.000        0.760        0.990        1.280        1.590
    30:        3.320       -4.000        0.910        1.140       -4.000
    35:        3.830        4.250        4.730       -8.000        0.650
    40:        0.930        2.980        4.110        6.600        7.520
    45:        7.750       -8.000        0.490        0.730        0.880
    50:        3.200        3.640        5.960        6.490        7.070
    55:        7.400       -8.000        0.920        1.390        1.480
    60:        4.150       -8.000        0.820        1.290        4.310
    65:        5.260        5.340       -8.000       -8.000        0.810
    70:        1.310        3.420        4.940        6.890       -8.000
    75:        0.530        0.730        0.760        0.970        3.670
    80:        4.780        5.290        9.530       13.880      -16.000
    85:        0.450        0.760        2.370        2.490        2.670
    90:        3.770        3.930        7.700        7.730        8.120
    95:        9.360       12.360       13.010      -16.000        0.980
   100:        1.790        5.260        5.420        5.640        5.720
   105:        7.520        8.420        9.730        9.820       10.320
   110:       15.920      -16.000        0.660        4.810        4.910
   115:        5.260        5.400        5.610        5.860        7.500
   120:       11.770       12.500       15.300      -16.000        0.360
   125:        0.380        3.180        3.330        3.440        6.700
   130:       10.780       10.990      -16.000        0.380        0.540
   135:        0.610        3.860        4.090        5.170        9.020
   140:        9.310       13.500       13.530      -16.000        0.480
   145:        0.640        3.280        3.780        3.990        7.560
   150:       11.590       14.580      -16.000      -32.000        2.040
   155:       12.510       13.160       13.900       15.060       15.200
   160:       15.820      -32.000        0.320        0.860        3.150
   165:        3.480        4.050        5.150       13.450       16.580
   170:       17.610       17.710      -32.000        1.010        1.270
   175:        2.980        5.630        6.180        6.510        6.690
   180:       11.050       13.740       15.090       19.520       20.900
   185:       29.010       29.240       29.760      -32.000        0.680
   190:        3.450        3.890        4.070        4.590        8.150
   195:        8.990        9.050       10.940       11.640       11.710
   200:       14.820       15.590       19.200       20.750       26.340
   205:      -32.000        0.360        0.950        5.120        5.710
   210:        6.010        6.070        6.370        6.500        7.280
   215:       10.040       18.670       24.100       24.290       25.210
   220:       32.000      -32.000      105.300      105.360      105.990
   225:      109.650      110.880      112.120      115.130      115.420
   230:      115.730      118.820      119.300      125.140      125.650
   235:      125.990      131.630      136.430      -32.000      -32.000


Start Date: 11/17/22
End Date: 11/17/22
Subject: Catherine
Experiment: 0
Group: 0
Box: 8
Start Time: 13:58:46
End Time: 14:58:53
MSN: cibo-R-luce
A:
     0:       34.000        8.000        8.000        8.000        7.000
     5:        3.000
B:
     0:      102.000       24.000       24.000       24.000       21.000
     5:        9.000
C:
     0:        5.000        0.000        0.000        0.000        0.000
     5:        5.000
D:
     0:        5.000        0.000        0.000        0.000        0.000
     5:        5.000
I:
     0:       40.000        5.000        0.000
T:
     0:     3600.000       70.000      719.000        0.000        0.000
V:
     0:       -1.000       -1.000       -1.000       -1.000       -1.000
     5:       -1.000       -1.000       -1.000        1.590        2.550
    10:        3.230        3.720       -4.000        0.800        1.560
    15:        1.900        2.450        3.150        3.510       -4.000
    20:        0.130        1.710        2.300        2.750        3.710
    25:       -4.000        1.020        1.350        1.990        2.630
    30:        3.320        3.550       -4.000        1.380        2.420
    35:        2.730        3.310        3.850       -4.000        0.510
    40:        1.660        2.450        2.850        3.820       -4.000
    45:        0.530        0.620        1.230        1.420        2.270
    50:        3.200       -4.000        1.580        2.630       -4.000
    55:        0.570        1.540        1.810        2.140        3.600
    60:        4.950        5.770        6.150        7.060        7.290
    65:        7.440       -8.000        0.260        0.610        0.720
    70:        1.420        2.370        2.580        3.760        4.830
    75:        5.840        7.070       -8.000        1.170        2.740
    80:        3.020        3.730        4.870        5.250        6.100
    85:        7.530        7.600       -8.000        2.510        2.940
    90:        3.160        4.570        4.830        5.730        6.960
    95:       -8.000        2.210        4.260        4.760        5.190
   100:        6.350        6.880       -8.000        0.430        1.220
   105:        3.230        3.550        6.180        7.450       -8.000
   110:        1.730        2.250        2.690        3.390        4.990
   115:        5.830       -8.000       -8.000        4.150        6.080
   120:        6.210        8.250        8.990       12.040       15.200
   125:      -16.000        0.710        1.220        3.150        3.230
   130:        5.560        8.280       10.020       11.140       11.510
   135:       13.290       13.650      -16.000        3.690        8.610
   140:        8.680        8.950       12.000      -16.000        2.890
   145:      -16.000        0.170        0.750        0.860        1.540
   150:        1.690        1.950      -16.000        2.950      -16.000
   155:      -16.000      -32.000      -32.000      -32.000        0.500
   160:        1.480      -32.000      -32.000        9.790       10.570
   165:       12.740       14.110       14.240       16.090      -32.000
   170:      -32.000      -32.000
