File: C:\MED-PC IV\DATA\!2022-11-14


Start Date: 11/14/22
End Date: 11/14/22
Subject: Cecilia
Experiment: 0
Group: 0
Box: 5
Start Time: 13:16:02
End Time: 14:21:24
MSN: cibo-L-luce
A:
     0:       45.000        7.000        7.000        8.000        8.000
     5:        8.000
B:
     0:      114.000       21.000       21.000       24.000       24.000
     5:       24.000
C:
     0:        4.000        1.000        2.000        0.000        0.000
     5:        1.000
D:
     0:        4.000        1.000        2.000        0.000        0.000
     5:        1.000
I:
     0:       40.000        5.000        0.000
T:
     0:     3600.000       70.000      719.000        0.000        0.000
V:
     0:       -1.000       -1.000       -1.000       -1.000       -1.000
     5:       -1.000       -1.000       -1.000       -4.000        0.390
    10:        0.700        0.930        1.400        1.840        2.310
    15:        2.780        2.830        3.240        3.720        3.890
    20:       -4.000        1.140        1.720        1.940        2.520
    25:        3.230        3.730       -4.000        0.560        1.010
    30:        1.420        2.130        2.250        2.290        2.680
    35:        3.230        3.310        3.490        3.830       -4.000
    40:        0.340        0.570        0.810        1.120        1.160
    45:        2.600        2.970       -4.000       -4.000       -4.000
    50:        0.360        1.020        1.590        2.280        2.950
    55:        3.730       -4.000        0.500        0.830        1.040
    60:        1.770        2.230        3.090        3.510        3.730
    65:       -4.000        0.330        1.180        2.000        2.660
    70:        3.070        4.670        4.740        5.260        5.670
    75:        6.220       -8.000        0.790        1.170        1.680
    80:       -8.000        0.380        0.710        1.220        1.700
    85:        2.310        2.830        3.940        4.390        5.820
    90:        6.100        6.640        7.290        7.760       -8.000
    95:        0.700        1.240        1.960        2.040        3.040
   100:        3.490        3.980        4.280        4.380        4.410
   105:        5.120        7.050        7.520        7.980       -8.000
   110:        1.120        1.720        2.600        3.170        4.140
   115:        5.030        5.470        5.610        6.160        7.000
   120:        7.410       -8.000        0.480        0.660        1.330
   125:        2.150        2.630        3.100        3.480        4.010
   130:        4.880        5.210        6.130        6.370        7.130
   135:        7.360       -8.000        0.390        0.780        1.100
   140:        1.280        1.770        2.860        3.160        3.550
   145:        4.040        4.320        4.840        5.270        5.470
   150:        6.170        6.260        6.930        7.230        7.840
   155:       -8.000        0.500        1.400        2.360        3.250
   160:        3.500        4.070        4.450        5.390        5.920
   165:        6.300        6.920        7.140        7.930        7.970
   170:       -8.000        0.210        0.400        1.300        1.500
   175:        1.740        2.270        2.740        3.440        3.770
   180:        3.860        5.010        5.130        5.590        5.670
   185:        6.110        6.340        6.630        7.400        7.640
   190:        7.930        8.400        9.070        9.740        9.870
   195:        9.930        9.960       10.250       10.690       11.270
   200:       11.470       12.070       12.150       12.450       14.230
   205:       15.010       15.950      -16.000        0.490        6.370
   210:        7.400        8.110        9.030        9.490       10.150
   215:       10.750       13.370       13.990       14.310       15.220
   220:      -16.000        0.300        0.590        0.660        1.590
   225:        1.710        4.240        4.600        5.230        5.980
   230:        8.010        9.470       10.720       11.110       11.140
   235:       11.670       12.090       12.970       13.400       14.290
   240:       14.390       14.630       15.270      -16.000        0.210
   245:        0.260        0.630        1.280        3.070        3.330
   250:        3.750        4.920        5.860        6.560        6.870
   255:        7.020        7.080        8.500        8.830       11.370
   260:       11.670       12.210       13.910      -16.000        0.270
   265:       11.410       13.200      -16.000        0.400        1.330
   270:        4.750        8.840        9.550       10.170       11.340
   275:       11.960       12.440       15.890      -16.000        0.200
   280:        0.420        2.760        3.630        4.590        5.150
   285:        5.730        5.970        6.450        6.830        7.440
   290:        7.840        7.890        8.450        9.140        9.330
   295:       10.640       11.380       13.890       14.280       15.360
   300:       15.990      -16.000        0.600        1.220        1.660
   305:        2.860        3.210        5.700        6.220        7.160
   310:        7.640        8.310       10.050       10.140       11.460
   315:       12.170       12.670       13.280       14.310      -16.000
   320:        0.230        0.950        5.880        6.380        7.080
   325:        7.770        9.950       10.430       11.140       11.660
   330:       13.220       13.240       13.650       13.930       14.590
   335:       15.140       15.750       16.460       16.670       16.780
   340:       18.310       18.660       19.730       20.170       20.590
   345:       21.420       21.820       22.270       22.960       22.990
   350:       23.240       23.380       23.470       23.500       24.270
   355:       24.600       25.190       27.660       28.400       28.700
   360:       29.380       31.290       31.580      -32.000        0.190
   365:        0.450       18.370      -32.000        0.130      -32.000
   370:        9.270      -32.000        0.120        3.240        5.710
   375:       25.150       25.480       26.040       27.860       29.970
   380:       30.430       30.890       31.750      -32.000        0.530
   385:        2.820        6.160        6.740        7.670       24.540
   390:       24.890       25.960       26.260       26.720       27.370
   395:       27.520       27.920       28.240       29.120       30.460
   400:       30.980       31.720      -32.000        0.500        1.510
   405:        4.050        4.340        4.650        5.070        7.050
   410:        7.480        8.560       10.160       10.420       12.820
   415:       12.960       13.510       14.150       14.200       15.110
   420:       15.950       16.450       17.060       18.270       18.310
   425:       18.670       19.540       20.070       20.380       20.730
   430:       20.860       22.310       25.620       26.560       27.550
   435:       27.570       28.660       30.170       30.880       31.090
   440:       31.250      -32.000      -32.000      -32.000


Start Date: 11/14/22
End Date: 11/14/22
Subject: Susan
Experiment: 0
Group: 0
Box: 6
Start Time: 13:16:09
End Time: 14:21:24
MSN: cibo-R-luce
A:
     0:       18.000        8.000        6.000        1.000        2.000
     5:        1.000
B:
     0:       54.000       24.000       18.000        3.000        6.000
     5:        3.000
C:
     0:       22.000        0.000        2.000        7.000        6.000
     5:        7.000
D:
     0:       22.000        0.000        2.000        7.000        6.000
     5:        7.000
I:
     0:       40.000        5.000        0.000
T:
     0:     3600.000       70.000      719.000        0.000        0.000
V:
     0:       -1.000       -1.000       -1.000       -1.000       -1.000
     5:       -1.000       -1.000       -1.000        0.350       -4.000
    10:       -4.000        0.370       -4.000        2.290       -4.000
    15:        0.560        1.350       -4.000       -4.000       -4.000
    20:       -4.000       -8.000       -8.000       -8.000       -8.000
    25:        0.330        0.830        6.400       -8.000       -8.000
    30:       -8.000       -8.000      -16.000      -16.000      -16.000
    35:        6.930      -16.000      -16.000      -16.000      -16.000
    40:        8.930        9.970       14.000      -16.000        0.180
    45:        0.310        3.390       12.580       26.830      -32.000
    50:      -32.000      -32.000      -32.000      -32.000      -32.000
    55:      -32.000      -32.000


Start Date: 11/14/22
End Date: 11/14/22
Subject: Virginia
Experiment: 0
Group: 0
Box: 7
Start Time: 13:16:19
End Time: 14:21:24
MSN: cibo-L-luce
A:
     0:       24.000        8.000        8.000        7.000        1.000
     5:        0.000
B:
     0:       72.000       24.000       24.000       21.000        3.000
     5:        0.000
C:
     0:       16.000        0.000        0.000        1.000        7.000
     5:        8.000
D:
     0:       16.000        0.000        0.000        1.000        7.000
     5:        8.000
I:
     0:       40.000        5.000        0.000
T:
     0:     3600.000       70.000      719.000        0.000        0.000
V:
     0:       -1.000       -1.000       -1.000       -1.000       -1.000
     5:       -1.000       -1.000       -1.000        0.270       -4.000
    10:        3.870       -4.000        0.780        1.930        2.270
    15:        2.820        3.830       -4.000        0.300        0.720
    20:        1.040        1.710        2.020        3.600       -4.000
    25:        1.330        2.400        3.840       -4.000        2.120
    30:        2.200        2.530        2.590        3.100       -4.000
    35:        1.630        2.670        3.140        3.820       -4.000
    40:        0.320        1.500        1.530        2.720        3.600
    45:       -4.000       -8.000        0.360        0.490        0.610
    50:        1.430        2.410        4.460        5.710        6.310
    55:       -8.000        1.400        1.870        5.510        5.850
    60:        6.370       -8.000        0.300        1.110        1.710
    65:        2.270        3.190        3.320        4.860       -8.000
    70:       -8.000        0.390        0.800        2.870        3.020
    75:        3.770       -8.000        0.980        3.810        5.890
    80:        6.890        7.660       -8.000        1.600        1.630
    85:        1.880        3.690        6.870        7.870       -8.000
    90:      -16.000      -16.000        0.220        0.920        1.340
    95:        3.770        4.450        6.440       11.480       12.670
   100:       15.830      -16.000      -16.000      -16.000      -16.000
   105:      -16.000      -16.000      -32.000      -32.000      -32.000
   110:      -32.000      -32.000      -32.000      -32.000      -32.000


Start Date: 11/14/22
End Date: 11/14/22
Subject: Patricia
Experiment: 0
Group: 0
Box: 8
Start Time: 13:16:27
End Time: 14:21:24
MSN: cibo-R-luce
A:
     0:       12.000        8.000        4.000        0.000        0.000
     5:        0.000
B:
     0:       36.000       24.000       12.000        0.000        0.000
     5:        0.000
C:
     0:       19.000        0.000        3.000        6.000        6.000
     5:        4.000
D:
     0:       19.000        0.000        3.000        6.000        6.000
     5:        4.000
I:
     0:       40.000        5.000        0.000
T:
     0:     3600.000       70.000      719.000        0.000        0.000
V:
     0:       -1.000       -1.000       -1.000       -1.000       -1.000
     5:       -1.000       -1.000       -1.000        0.260        0.460
    10:        0.580        2.710        2.760        2.950       -4.000
    15:        0.160        0.390        1.830       -4.000       -4.000
    20:       -4.000       -4.000        2.240       -4.000       -4.000
    25:       -8.000       -8.000       -8.000       -8.000       -8.000
    30:       -8.000      -16.000      -16.000      -16.000      -16.000
    35:      -16.000      -16.000      -32.000      -32.000      -32.000
    40:      -32.000


Start Date: 11/14/22
End Date: 11/14/22
Subject: Marian
Experiment: 0
Group: 0
Box: 5
Start Time: 15:14:33
End Time: 16:15:33
MSN: cibo-L-luce
A:
     0:       28.000        8.000        8.000        5.000        5.000
     5:        2.000
B:
     0:       84.000       24.000       24.000       15.000       15.000
     5:        6.000
C:
     0:       10.000        0.000        0.000        2.000        3.000
     5:        5.000
D:
     0:       10.000        0.000        0.000        2.000        3.000
     5:        5.000
I:
     0:       40.000        5.000        0.000
T:
     0:     3600.000       70.000      719.000        0.000        0.000
V:
     0:       -1.000       -1.000       -1.000       -1.000       -1.000
     5:       -1.000       -1.000       -1.000        0.870        1.800
    10:        2.220        2.560        3.550        3.900       -4.000
    15:        0.310        1.060        1.260        1.430        1.860
    20:        3.150        3.460        3.590        3.930       -4.000
    25:        0.330        1.210        1.370        1.780        2.320
    30:        3.420       -4.000        0.470        0.880        1.200
    35:        1.440        1.630        2.500        2.680       -4.000
    40:        1.820        2.080        3.160        3.720       -4.000
    45:        1.660        1.900        3.090        3.440        3.580
    50:        3.670       -4.000        0.550        1.870        1.920
    55:        2.060        2.500        2.770        2.980        3.150
    60:        3.540        3.880       -4.000        0.600        1.770
    65:        1.850        2.450       -4.000        0.370        0.430
    70:        1.380        2.150        3.020        3.160        4.080
    75:        4.740        5.570        5.850        6.400        6.730
    80:        6.940        7.100        7.710       -8.000        1.220
    85:        2.170        2.340        2.910        5.810        5.890
    90:        6.450        6.630       -8.000        0.390        0.470
    95:        0.520        1.210        1.470        2.660        2.720
   100:        3.440        4.160        4.430        5.240        5.740
   105:        6.060        6.250        7.160        7.330        7.990
   110:       -8.000        0.520        0.720        1.070        4.950
   115:        6.230        6.740        7.540       -8.000        0.680
   120:        1.080        1.510        1.910        2.290        2.650
   125:        4.390        5.010        5.570        6.850        7.110
   130:        7.130        7.360       -8.000       -8.000       -8.000
   135:        0.490        0.720        1.290        5.430        5.960
   140:        8.490        9.700       12.640      -16.000        0.190
   145:        0.580        0.820        1.250        1.690        2.400
   150:        2.920        3.530        5.900        7.120        7.660
   155:        7.840       11.090       11.930       12.140       13.650
   160:      -16.000      -16.000        0.470        0.570        1.080
   165:        6.450      -16.000      -16.000      -16.000        0.500
   170:        0.580        0.720        0.790        1.270        1.580
   175:        1.830        2.190        2.660        2.760        2.780
   180:        5.100        6.080        7.880        8.580        8.950
   185:        9.200       11.310       11.900       12.560      -16.000
   190:        0.370        0.650        0.820        1.130      -16.000
   195:      -32.000        7.060      -32.000        0.370        0.480
   200:        1.130        1.200        1.790        4.430        5.050
   205:        5.450        5.520        6.380        7.280        9.080
   210:       17.600       18.300       19.610       20.120       23.430
   215:       25.900       26.120       27.270       31.010       31.470
   220:      -32.000      -32.000      -32.000      -32.000      -32.000


Start Date: 11/14/22
End Date: 11/14/22
Subject: Sara
Experiment: 0
Group: 0
Box: 6
Start Time: 15:14:41
End Time: 16:15:33
MSN: cibo-R-luce
A:
     0:       13.000        8.000        4.000        1.000        0.000
     5:        0.000
B:
     0:       39.000       24.000       12.000        3.000        0.000
     5:        0.000
C:
     0:        8.000        0.000        3.000        3.000        1.000
     5:        1.000
D:
     0:        8.000        0.000        3.000        3.000        1.000
     5:        1.000
I:
     0:       40.000        5.000        0.000
T:
     0:     3600.000       70.000      719.000        0.000        0.000
V:
     0:       -1.000       -1.000       -1.000       -1.000       -1.000
     5:       -1.000       -1.000       -1.000       -4.000        0.250
    10:        1.250        1.830        1.980        2.120        2.520
    15:        2.540        3.000        3.380       -4.000        0.290
    20:        1.320        1.400        1.810        2.130        3.120
    25:        3.220        3.280        3.430        3.530        3.940
    30:       -4.000        0.240        0.490        0.930        1.070
    35:        1.700        1.960        2.970        3.030       -4.000
    40:        0.700        0.830        1.340        1.530        1.930
    45:        2.400        2.650        3.160        3.760       -4.000
    50:       -4.000       -4.000       -8.000        0.330        0.820
    55:        1.430        2.310        3.090        3.260        4.370
    60:        4.480        5.240        5.570        5.940        6.710
    65:       -8.000       -8.000       -8.000      -16.000      -32.000


Start Date: 11/14/22
End Date: 11/14/22
Subject: Fran
Experiment: 0
Group: 0
Box: 7
Start Time: 15:14:50
End Time: 16:15:33
MSN: cibo-L-luce
A:
     0:       36.000        7.000        7.000        8.000        7.000
     5:        7.000
B:
     0:      108.000       21.000       21.000       24.000       21.000
     5:       21.000
C:
     0:        4.000        1.000        1.000        0.000        1.000
     5:        1.000
D:
     0:        4.000        1.000        1.000        0.000        1.000
     5:        1.000
I:
     0:       40.000        5.000        0.000
T:
     0:     3600.000       70.000      719.000        0.000        0.000
V:
     0:       -1.000       -1.000       -1.000       -1.000       -1.000
     5:       -1.000       -1.000       -1.000        0.410        1.370
    10:       -4.000        0.460        1.080        3.990       -4.000
    15:        0.730        1.020       -4.000        0.620        0.860
    20:        2.100       -4.000        0.730        1.030        3.910
    25:       -4.000        0.670        0.950        1.290        3.820
    30:       -4.000       -4.000        0.660        2.810        2.940
    35:       -4.000        1.630        1.900        5.330        6.770
    40:        6.930       -8.000        0.670        2.270        2.330
    45:        2.380        6.360        7.650       -8.000        0.390
    50:        0.620        5.600       -8.000        0.570        0.730
    55:        5.520        5.920       -8.000        1.650        4.060
    60:        7.160       -8.000        5.820        7.930        8.000
    65:       -8.000       89.500       94.400       94.600       95.890
    70:       96.610       -8.000        0.510        0.630        4.430
    75:        6.790        7.490       -8.000        0.440        0.670
    80:        4.470        5.210       11.130      -16.000        0.490
    85:        2.510        6.370        7.630        7.970       11.580
    90:       12.450       15.750      -16.000        0.450        0.730
    95:        0.910        1.490        2.230        3.010        3.100
   100:        5.900        7.490        9.440      -16.000        0.730
   105:        0.740        0.820        1.170        2.140        2.790
   110:        6.010        9.530       12.050       12.580       12.640
   115:      -16.000      -16.000        0.820        0.930        1.330
   120:        1.440        1.670        2.400        2.490        3.180
   125:        3.800        6.700        9.260        9.830       12.020
   130:       13.300       14.010       14.980      -16.000        0.660
   135:        1.160        1.530        3.860        4.340        6.070
   140:        6.190        6.340        6.840       12.430      -16.000
   145:        0.700        2.590        3.080        7.000        7.880
   150:        8.660       11.120       11.210       12.300       13.210
   155:      -16.000        0.230        1.180        1.650        1.880
   160:        2.590        3.000        3.020        3.610        3.910
   165:        4.510        5.690        6.520        6.920        8.120
   170:        8.410        9.400        9.940       10.300       10.340
   175:       14.210       15.720       19.460       26.500       27.860
   180:       28.210       29.930      -32.000        5.670        8.330
   185:       13.180       17.210       17.240       17.660      -32.000
   190:      -32.000        0.400        0.550        1.270        2.500
   195:        2.930        3.090        4.590        4.810        7.550
   200:        8.320        9.790       10.880       11.940       12.890
   205:       15.390       18.820       24.190       26.650      -32.000
   210:       29.270      -32.000        3.240        4.220        5.690
   215:        7.080        9.400        9.780       13.710       15.600
   220:       18.640       24.660       29.940       31.310      -32.000
   225:       13.150       14.130       14.480       15.040       17.370
   230:       17.450       17.510       23.060       29.600      -32.000
   235:      -32.000


Start Date: 11/14/22
End Date: 11/14/22
Subject: Catherine
Experiment: 0
Group: 0
Box: 8
Start Time: 15:14:59
End Time: 16:15:33
MSN: cibo-R-luce
A:
     0:       29.000        5.000        7.000        7.000        6.000
     5:        4.000
B:
     0:       87.000       15.000       21.000       21.000       18.000
     5:       12.000
C:
     0:       10.000        3.000        1.000        1.000        2.000
     5:        3.000
D:
     0:       10.000        3.000        1.000        1.000        2.000
     5:        3.000
I:
     0:       40.000        5.000        0.000
T:
     0:     3600.000       70.000      719.000        0.000        0.000
V:
     0:       -1.000       -1.000       -1.000       -1.000       -1.000
     5:       -1.000       -1.000       -1.000        0.270        2.010
    10:        2.380        2.630        3.300        3.670       -4.000
    15:        2.180        2.860        3.270        3.660       -4.000
    20:        0.940        1.500        1.980        2.300        3.370
    25:        3.890       -4.000        0.450        1.350        1.800
    30:        2.330        2.430        2.880        3.850       -4.000
    35:        0.790        1.810        2.550        3.200       -4.000
    40:        1.440        1.580        2.830        3.210       -4.000
    45:       -4.000        1.770        2.330        3.940       -4.000
    50:        0.170        0.410        0.920        1.490        1.880
    55:        2.570        3.520        3.830        4.200        5.560
    60:        6.360        7.340       -8.000        2.770        3.400
    65:        3.800        3.830        4.910        6.020       -8.000
    70:       -8.000       -8.000        3.110        4.820        6.030
    75:       -8.000        1.310        2.700        3.990        4.970
    80:        5.140       -8.000        0.150        1.450        2.590
    85:        4.270        4.840        6.610       -8.000        0.180
    90:        1.320        2.000        2.810       -8.000        3.690
    95:        6.440        7.710       11.100       11.280      -16.000
   100:        0.720       12.210      -16.000      -16.000        1.810
   105:       14.030      -16.000        1.090        9.490      -16.000
   110:        0.140        1.420        1.470        2.480      -16.000
   115:      -16.000      -16.000      -32.000        3.290      -32.000
   120:      -32.000      -32.000        7.080      -32.000      -32.000
   125:        0.410        0.550       14.330       23.630      -32.000
