File: C:\MED-PC IV\DATA\!2022-11-09


Start Date: 11/09/22
End Date: 11/09/22
Subject: Cecilia
Experiment: 0
Group: 0
Box: 5
Start Time: 13:14:56
End Time: 14:22:09
MSN: cibo-L-luce
A:
     0:       49.000        8.000        8.000        7.000        8.000
     5:        8.000
B:
     0:      117.000       24.000       24.000       21.000       24.000
     5:       24.000
C:
     0:        1.000        0.000        0.000        1.000        0.000
     5:        0.000
D:
     0:        1.000        0.000        0.000        1.000        0.000
     5:        0.000
I:
     0:       40.000        5.000        0.000
T:
     0:     3600.000       70.000      719.000        0.000        0.000
V:
     0:       -1.000       -1.000       -1.000       -1.000       -1.000
     5:       -1.000       -1.000       -1.000        0.550        1.130
    10:        1.910        2.320        3.960       -4.000        0.700
    15:        1.120        1.720        2.110        2.630        3.070
    20:        3.880       -4.000        0.430        0.760        0.900
    25:        1.150        1.300        1.380        1.900        2.200
    30:        2.580        3.130        3.670       -4.000        0.500
    35:        0.780        1.120        1.390        1.930        2.170
    40:        2.810        3.660       -4.000        0.410        0.650
    45:        1.470        1.930        2.390        2.820        3.240
    50:        3.410        3.910       -4.000        0.470        0.870
    55:        1.280        1.510        1.910        2.440        3.050
    60:        3.690       -4.000        0.440        0.700        0.990
    65:        1.350        1.940        2.200        2.960        3.450
    70:       -4.000        0.540        0.720        1.280        1.810
    75:        2.490        3.000       -4.000        0.230        0.690
    80:        1.910        2.390        2.870        3.160        3.770
    85:        4.490        5.230        5.780        6.470        7.080
    90:       -8.000        1.840        3.320        4.000        4.550
    95:        5.620        6.140        6.840        7.280        7.860
   100:       -8.000        0.280        0.660        1.270        1.380
   105:        1.420        2.180        2.620        3.550        4.040
   110:        4.560        4.880        5.030        5.380        6.380
   115:        6.770        7.460        7.950        7.970       -8.000
   120:        0.330        0.870        2.640        3.220        3.540
   125:        4.430        4.690        4.960        5.600        6.010
   130:        6.540        6.630        7.090       -8.000       -8.000
   135:        1.030        2.020        2.390        2.470        2.910
   140:        3.350        4.010        4.190        4.290        4.370
   145:        4.500        5.200        6.340        6.630        6.750
   150:        6.830        6.970        7.060        7.110        7.200
   155:        7.460       -8.000        0.250        0.790        2.190
   160:        3.140        3.610        5.370        6.290        6.560
   165:        7.060        7.630       -8.000        0.580        1.530
   170:        2.890        2.970        3.960        4.390        6.280
   175:        6.620        6.750        7.110        7.730        7.940
   180:        7.960       -8.000        0.730        1.260        1.770
   185:        2.910        3.340        3.890        4.060        4.210
   190:        4.370        5.520        6.200        7.290        7.400
   195:        8.020        8.240        8.760        8.960        9.020
   200:        9.040        9.810       10.060       10.770       10.840
   205:       10.930       10.970       11.350       11.400       11.600
   210:       11.660       12.130       12.410       12.470       12.500
   215:       12.560       13.100       15.010       15.800      -16.000
   220:        0.700        2.680        3.600        4.290        5.450
   225:        5.910        6.610        7.810        7.970        8.020
   230:        8.140        8.270        9.130       10.120       12.660
   235:       13.530       13.790       14.020       15.260      -16.000
   240:        0.730        1.380        2.940        3.840        4.420
   245:        4.990        7.340        7.480        9.970       10.840
   250:       11.520       12.050       13.160       13.860       13.900
   255:       14.570       15.570       16.000      -16.000       95.600
   260:       95.830      102.050      102.460      102.610      103.790
   265:      104.310      105.860      106.510      107.150      107.500
   270:      107.950      108.560      109.000      110.280      -16.000
   275:        0.470        4.310        4.540        4.700        5.770
   280:        6.730        7.490        7.750        8.590        8.700
   285:       11.490       12.140       13.900       14.230      -16.000
   290:        1.290        1.790        9.270       10.970       12.010
   295:       12.260       12.580      -16.000        0.310        5.770
   300:        5.990        6.080        7.630        8.740       10.350
   305:       12.590       13.120       13.810      -16.000        1.270
   310:        2.410        2.510        8.420        8.830        9.840
   315:       12.270       12.530       13.650       14.660       14.940
   320:       15.160       15.670      -16.000        6.430        7.540
   325:        8.300        8.980        9.920       11.830       12.700
   330:       13.770       14.120       14.270       15.250       16.170
   335:       17.620       17.680       18.680       19.320       21.230
   340:       21.890       23.280       25.570      -32.000        0.690
   345:        1.960        2.340       15.310       16.000       19.330
   350:       19.950      -32.000        1.170       26.700      -32.000
   355:        1.750        5.230        5.860       30.220       30.450
   360:       31.520      -32.000        1.120       11.420       11.570
   365:       12.770       13.100       13.660       14.500       15.510
   370:       16.230       17.480       18.200       20.810       21.510
   375:       22.310       22.850       25.820       26.360       26.570
   380:       27.320       28.250      -32.000        1.030        1.330
   385:       23.410       23.440       24.780      -32.000        0.580
   390:        0.860        1.660        2.040        2.400        3.430
   395:        5.840        6.570        7.210       14.890       15.390
   400:       15.750       21.990       22.860       23.640       26.480
   405:      -32.000        0.560       11.300       11.550       12.660
   410:       13.050       14.340       15.100       16.770       17.710
   415:       18.540       24.610       24.670       26.230       26.640
   420:      -32.000


Start Date: 11/09/22
End Date: 11/09/22
Subject: Susan
Experiment: 0
Group: 0
Box: 6
Start Time: 13:15:05
End Time: 14:22:09
MSN: cibo-R-luce
A:
     0:       19.000        7.000        8.000        2.000        1.000
     5:        1.000
B:
     0:       57.000       21.000       24.000        6.000        3.000
     5:        3.000
C:
     0:       21.000        1.000        0.000        6.000        7.000
     5:        7.000
D:
     0:       21.000        1.000        0.000        6.000        7.000
     5:        7.000
I:
     0:       40.000        5.000        0.000
T:
     0:     3600.000       70.000      719.000        0.000        0.000
V:
     0:       -1.000       -1.000       -1.000       -1.000       -1.000
     5:       -1.000       -1.000       -1.000        0.300       -4.000
    10:        0.290       -4.000        2.940       -4.000       -4.000
    15:       -4.000       -4.000       -4.000       -4.000       -8.000
    20:       -8.000        7.650       -8.000       -8.000       -8.000
    25:       -8.000       -8.000       -8.000      -16.000      -16.000
    30:      -16.000        0.340        2.060      -16.000      -16.000
    35:      -16.000      -16.000      -16.000      -32.000      -32.000
    40:      -32.000      -32.000      -32.000       17.770      -32.000
    45:      -32.000      -32.000


Start Date: 11/09/22
End Date: 11/09/22
Subject: Virginia
Experiment: 0
Group: 0
Box: 7
Start Time: 13:15:14
End Time: 14:22:09
MSN: cibo-L-luce
A:
     0:       28.000        8.000        5.000        7.000        2.000
     5:        6.000
B:
     0:       84.000       24.000       15.000       21.000        6.000
     5:       18.000
C:
     0:        4.000        0.000        0.000        1.000        3.000
     5:        0.000
D:
     0:        4.000        0.000        0.000        1.000        3.000
     5:        0.000
I:
     0:       40.000        5.000        0.000
T:
     0:     3600.000       70.000      719.000        0.000        0.000
V:
     0:       -1.000       -1.000       -1.000       -1.000       -1.000
     5:       -1.000       -1.000       -1.000        0.160       -4.000
    10:        0.170        0.260        0.370        0.550        2.310
    15:        3.040       -4.000        0.450       -4.000        1.960
    20:        3.240       -4.000        1.250        1.340        2.740
    25:        3.120       -4.000        3.800        4.900       -8.000
    30:        0.870        2.070        4.290       -8.000       -8.000
    35:        3.420        4.260        5.800        5.870        7.140
    40:       -8.000       -8.000        2.020        3.930       -8.000
    45:        3.990        5.830       -8.000        4.040        4.130
    50:       -8.000        2.090        2.130        9.010        9.250
    55:       10.430       10.920      -16.000      -16.000      -16.000
    60:      -16.000        2.390        2.500        6.390        7.370
    65:      -16.000        5.370        5.390        6.930        7.480
    70:        7.500       11.410       11.900       11.930      -32.000
    75:        8.120      -32.000        2.890        2.950        9.500
    80:        9.710      -32.000        0.830        3.730        3.890
    85:       19.050      -32.000        1.260       14.840      -32.000
    90:        0.570        7.890        7.990        8.050      -32.000


Start Date: 11/09/22
End Date: 11/09/22
Subject: Patricia
Experiment: 0
Group: 0
Box: 8
Start Time: 13:15:26
End Time: 14:22:09
MSN: cibo-R-luce
A:
     0:        6.000        4.000        1.000        0.000        0.000
     5:        1.000
B:
     0:       18.000       12.000        3.000        0.000        0.000
     5:        3.000
C:
     0:        0.000        0.000        0.000        0.000        0.000
     5:        0.000
D:
     0:        0.000        0.000        0.000        0.000        0.000
     5:        0.000
I:
     0:       40.000        5.000        0.000
T:
     0:     3600.000       70.000      719.000        0.000        0.000
V:
     0:       -1.000       -1.000       -1.000       -1.000       -4.000
     5:        2.170        6.450        7.490        7.530      -32.000


Start Date: 11/09/22
End Date: 11/09/22
Subject: Marian
Experiment: 0
Group: 0
Box: 5
Start Time: 15:47:42
End Time: 16:48:19
MSN: cibo-L-luce
A:
     0:       27.000        8.000        3.000        6.000        4.000
     5:        6.000
B:
     0:       81.000       24.000        9.000       18.000       12.000
     5:       18.000
C:
     0:       12.000        0.000        6.000        2.000        3.000
     5:        1.000
D:
     0:       12.000        0.000        6.000        2.000        3.000
     5:        1.000
I:
     0:       40.000        5.000        0.000
T:
     0:     3600.000       70.000      719.000        0.000        0.000
V:
     0:       -1.000       -1.000       -1.000       -1.000       -1.000
     5:       -1.000       -1.000       -1.000        0.450        0.660
    10:        1.490        2.060        2.670        3.740       -4.000
    15:       -4.000       -4.000        0.480        1.130        1.940
    20:        2.280        3.110        3.200       -4.000        0.430
    25:        0.520        1.370        1.400        1.710        2.570
    30:        3.010        3.190        3.390       -4.000       -4.000
    35:       -4.000       -4.000       -4.000        0.310        0.420
    40:        0.570        1.590        1.790        1.980        2.140
    45:        2.220        2.780        3.680        4.080        4.180
    50:        4.600        4.940        5.130        7.040        7.210
    55:        8.000       -8.000       -8.000        0.430        1.620
    60:        1.770        3.090        3.300        3.490        5.830
    65:        7.960       -8.000        1.070        1.590        1.800
    70:        2.070        2.530        2.830        5.850        5.940
    75:       -8.000        0.350        0.550        1.100        1.300
    80:        1.900        2.100        2.940        4.140        4.800
    85:        5.620        5.850        6.100        6.510       -8.000
    90:       -8.000        0.490        0.580        1.260        1.660
    95:        1.760        2.100        2.170        2.700        3.170
   100:        3.860        5.080        5.170        5.830        5.900
   105:        6.000        6.400        6.730       -8.000        1.200
   110:        1.440        2.010        2.160        2.380        4.340
   115:        5.260        5.690        5.740        5.850        6.310
   120:        6.520        6.630        7.740        7.790       -8.000
   125:      -16.000      -16.000        0.480        0.500        0.630
   130:        1.550        1.630        1.850        2.620        3.950
   135:        4.530        5.430        5.630        6.360        6.530
   140:        6.730       10.270       10.360       10.480       12.010
   145:       13.770       14.680       15.030       15.150       15.510
   150:       15.660       15.780      -16.000      -16.000        0.840
   155:        1.030        1.370        1.520        1.710        2.330
   160:        2.500        2.950        3.780        4.180        4.700
   165:        5.050        5.900        5.930        6.150        6.490
   170:        6.830        6.970        7.410        7.500        8.290
   175:        9.130        9.700       10.710       10.790       11.060
   180:       14.400       14.620       14.960       15.840      -16.000
   185:        1.360        5.700        6.380       10.290       11.190
   190:       11.420       14.470       14.540       15.120      -16.000
   195:        0.320        1.030        1.210        1.880        6.760
   200:        7.030        7.480        8.020        8.340        9.310
   205:       12.780       13.580       13.740       14.730      -16.000
   210:        0.850        0.990        1.360        1.700        2.080
   215:        9.020       10.500       10.980       20.220       20.890
   220:       20.970       21.620       28.300       29.280      -32.000
   225:      -32.000      -32.000        2.150        2.230        5.820
   230:        6.570       13.090       13.740       20.990       22.090
   235:       27.240       27.410       28.410       29.870       31.420
   240:      -32.000        0.770        1.000        1.830       12.820
   245:       13.090       13.990       14.140       14.570       14.980
   250:       23.980       24.210       30.300      -32.000        0.200
   255:        0.890      -32.000        4.760      -32.000


Start Date: 11/09/22
End Date: 11/09/22
Subject: Sara
Experiment: 0
Group: 0
Box: 6
Start Time: 15:47:49
End Time: 16:48:19
MSN: cibo-R-luce
A:
     0:       15.000        7.000        6.000        1.000        1.000
     5:        0.000
B:
     0:       45.000       21.000       18.000        3.000        3.000
     5:        0.000
C:
     0:       11.000        1.000        2.000        6.000        1.000
     5:        1.000
D:
     0:       11.000        1.000        2.000        6.000        1.000
     5:        1.000
I:
     0:       40.000        5.000        0.000
T:
     0:     3600.000       70.000      719.000        0.000        0.000
V:
     0:       -1.000       -1.000       -1.000       -1.000       -1.000
     5:       -1.000       -1.000       -1.000        0.220        1.290
    10:        1.400        1.650        2.070        3.190        3.360
    15:        3.640        3.800       -4.000        0.270        0.960
    20:        1.110        1.580        1.710        1.750        2.130
    25:        2.390        3.070       -4.000       -4.000        0.260
    30:        1.230        1.300        1.980        2.040       -4.000
    35:        0.310        0.930        1.640        1.940        2.670
    40:        3.000        3.120        3.740       -4.000        0.330
    45:        2.740        3.900       -4.000        0.370        0.540
    50:        0.580        0.880        0.970        1.030        1.440
    55:        1.640        2.260        2.810        3.580       -4.000
    60:       -4.000       -8.000       -8.000       -8.000       -8.000
    65:        0.560       -8.000       -8.000       -8.000      -16.000
    70:      -16.000      -32.000


Start Date: 11/09/22
End Date: 11/09/22
Subject: Fran
Experiment: 0
Group: 0
Box: 7
Start Time: 15:48:02
End Time: 16:48:19
MSN: cibo-L-luce
A:
     0:       30.000        5.000        7.000        6.000        5.000
     5:        7.000
B:
     0:       90.000       15.000       21.000       18.000       15.000
     5:       21.000
C:
     0:        8.000        3.000        1.000        2.000        2.000
     5:        0.000
D:
     0:        8.000        3.000        1.000        2.000        2.000
     5:        0.000
I:
     0:       40.000        5.000        0.000
T:
     0:     3600.000       70.000      719.000        0.000        0.000
V:
     0:       -1.000       -1.000       -1.000       -1.000       -1.000
     5:       -1.000       -1.000       -1.000        0.370        0.710
    10:        1.100       -4.000        0.610        0.720       -4.000
    15:        0.310        2.280       -4.000        0.670        1.440
    20:        2.200       -4.000        0.830       -4.000        0.630
    25:        0.940        1.030       -4.000        0.630        0.880
    30:       -4.000       -4.000        0.740        0.920       -8.000
    35:        0.450        0.550        6.500        7.070       -8.000
    40:        0.600       -8.000       -8.000        0.630        0.690
    45:        1.070       -8.000        0.430        0.550        4.430
    50:        4.720       -8.000        0.600        5.700       -8.000
    55:       -8.000        0.550        8.020        8.220       12.520
    60:       13.230      -16.000        0.450        0.850        4.930
    65:        5.450        6.380       12.030       14.190       14.640
    70:       15.720      -16.000      -16.000        0.360        0.390
    75:        5.930       12.900      -16.000      -16.000        1.650
    80:        1.730        2.810        3.670        8.100       13.320
    85:      -16.000        0.490       13.270      -16.000        1.830
    90:        2.110       10.400       13.910       14.000       19.000
    95:       20.520       21.160       21.640       22.150       22.540
   100:       25.440       26.760       28.230       28.620       28.900
   105:       29.000      -32.000        0.390        1.340        4.800
   110:        5.410        5.510       10.180       10.250       14.220
   115:       17.760       17.900       18.730       19.440       19.490
   120:       26.910       30.690       31.690       31.800      -32.000
   125:        0.460        0.570        0.930        1.020        1.070
   130:        1.140        1.700        6.500        6.950       14.090
   135:       15.930       17.370       21.340       21.950       22.110
   140:       22.250       24.610       25.350       28.660       28.840
   145:       28.900      -32.000        0.570        0.590        1.010
   150:        1.090        1.670       10.610       11.080       12.360
   155:       12.640       16.670       17.170       17.960       21.640
   160:       26.820       28.210       28.510       29.020       30.360
   165:       30.530       31.440       31.530      -32.000        0.530
   170:        0.900        1.750        1.840        5.700        7.020
   175:        7.090       15.400       19.800       20.380       22.120
   180:       22.230       25.020       30.740      -32.000        1.120
   185:        1.170        1.360        1.440        2.420        2.500
   190:        2.750        6.430        9.530       14.530       17.430
   195:       18.950       20.290       27.670       28.510       28.660
   200:       28.940       30.180      -32.000        2.850        3.160
   205:        3.310        3.400        4.810        4.910        7.810
   210:        7.840       11.700       13.390       13.970       14.780
   215:       14.830       15.850       16.520       18.360       26.260
   220:       26.560       29.430       30.220       30.350      -32.000


Start Date: 11/09/22
End Date: 11/09/22
Subject: Catherine
Experiment: 0
Group: 0
Box: 8
Start Time: 15:48:09
End Time: 16:48:19
MSN: cibo-R-luce
A:
     0:       30.000        7.000        7.000        8.000        6.000
     5:        2.000
B:
     0:       90.000       21.000       21.000       24.000       18.000
     5:        6.000
C:
     0:        8.000        1.000        1.000        0.000        1.000
     5:        5.000
D:
     0:        8.000        1.000        1.000        0.000        1.000
     5:        5.000
I:
     0:       40.000        5.000        0.000
T:
     0:     3600.000       70.000      719.000        0.000        0.000
V:
     0:       -1.000       -1.000       -1.000       -1.000       -1.000
     5:       -1.000       -1.000       -1.000        0.120       -4.000
    10:        3.900       -4.000        1.460        2.930        3.850
    15:       -4.000        1.320        2.920        3.760       -4.000
    20:       -4.000       -4.000        1.930       -4.000        0.210
    25:        1.280        2.220        2.660        3.880       -4.000
    30:        0.470        1.220        1.900        2.860        4.100
    35:        6.900        7.450       -8.000        0.560        1.510
    40:        2.080        3.520        5.600        7.820       -8.000
    45:        1.140        5.530        7.510       -8.000        0.160
    50:        0.730        1.740        2.100        3.640        5.950
    55:        7.540       -8.000        0.210        1.250        2.370
    60:        2.970        3.200        4.130        5.680        6.060
    65:       -8.000        0.130        1.400        2.050        2.070
    70:        2.570        3.230        4.530        4.550        4.950
    75:        6.220        6.900       -8.000        2.800        2.900
    80:        3.310        3.520        5.120        6.120        6.830
    85:       -8.000        5.730       -8.000        3.890      -16.000
    90:        7.000      -16.000        8.260        9.110       10.470
    95:       13.450      -16.000      -16.000      -16.000      -16.000
   100:      -16.000       19.630      -32.000      -32.000      -32.000
   105:      -32.000        0.360       12.840       25.350      -32.000
   110:      -32.000      -32.000
