File: C:\MED-PC IV\DATA\!2022-10-30


Start Date: 10/30/22
End Date: 10/30/22
Subject: Susan
Experiment: 0
Group: 0
Box: 1
Start Time: 11:05:07
End Time: 11:05:32
MSN: cibo-R-luce
A:
     0:        0.000        0.000        0.000        0.000        0.000
     5:        0.000
B:
     0:        0.000        0.000        0.000        0.000        0.000
     5:        0.000
C:
     0:        0.000        0.000        0.000        0.000        0.000
     5:        0.000
D:
     0:        0.000        0.000        0.000        0.000        0.000
     5:        0.000
I:
     0:        0.000        0.000        0.000
T:
     0:        0.000        0.000        0.000        0.000        0.000
V:
     0:        0.000        0.000        0.000        0.000        0.000
     5:        0.000        0.000        0.000        0.000        0.000
    10:        0.000        0.000        0.000        0.000        0.000
    15:        0.000        0.000        0.000        0.000        0.000
    20:        0.000        0.000        0.000        0.000        0.000
    25:        0.000        0.000        0.000        0.000        0.000
    30:        0.000        0.000        0.000        0.000        0.000
    35:        0.000        0.000        0.000        0.000        0.000
    40:        0.000        0.000        0.000        0.000        0.000
    45:        0.000        0.000        0.000        0.000        0.000
    50:        0.000        0.000        0.000        0.000        0.000
    55:        0.000        0.000        0.000        0.000        0.000
    60:        0.000        0.000        0.000        0.000        0.000
    65:        0.000        0.000        0.000        0.000        0.000
    70:        0.000        0.000        0.000        0.000        0.000
    75:        0.000        0.000        0.000        0.000        0.000
    80:        0.000        0.000        0.000        0.000        0.000
    85:        0.000        0.000        0.000        0.000        0.000
    90:        0.000        0.000        0.000        0.000        0.000
    95:        0.000        0.000        0.000        0.000        0.000
   100:        0.000        0.000        0.000        0.000        0.000
   105:        0.000        0.000        0.000        0.000        0.000
   110:        0.000        0.000        0.000        0.000        0.000
   115:        0.000        0.000        0.000        0.000        0.000
   120:        0.000        0.000        0.000        0.000        0.000
   125:        0.000        0.000        0.000        0.000        0.000
   130:        0.000        0.000        0.000        0.000        0.000
   135:        0.000        0.000        0.000        0.000        0.000
   140:        0.000        0.000        0.000        0.000        0.000
   145:        0.000        0.000        0.000        0.000        0.000
   150:        0.000        0.000        0.000        0.000        0.000
   155:        0.000        0.000        0.000        0.000        0.000
   160:        0.000        0.000        0.000        0.000        0.000
   165:        0.000        0.000        0.000        0.000        0.000
   170:        0.000        0.000        0.000        0.000        0.000
   175:        0.000        0.000        0.000        0.000        0.000
   180:        0.000        0.000        0.000        0.000        0.000
   185:        0.000        0.000        0.000        0.000        0.000
   190:        0.000        0.000        0.000        0.000        0.000
   195:        0.000        0.000        0.000        0.000        0.000
   200:        0.000        0.000        0.000        0.000        0.000
   205:        0.000        0.000        0.000        0.000        0.000
   210:        0.000        0.000        0.000        0.000        0.000
   215:        0.000        0.000        0.000        0.000        0.000
   220:        0.000        0.000        0.000        0.000        0.000
   225:        0.000        0.000        0.000        0.000        0.000
   230:        0.000        0.000        0.000        0.000        0.000
   235:        0.000        0.000        0.000        0.000        0.000
   240:        0.000        0.000        0.000        0.000        0.000
   245:        0.000        0.000        0.000        0.000        0.000
   250:        0.000        0.000        0.000        0.000        0.000
   255:        0.000        0.000        0.000        0.000        0.000
   260:        0.000        0.000        0.000        0.000        0.000
   265:        0.000        0.000        0.000        0.000        0.000
   270:        0.000        0.000        0.000        0.000        0.000
   275:        0.000        0.000        0.000        0.000        0.000
   280:        0.000        0.000        0.000        0.000        0.000
   285:        0.000        0.000        0.000        0.000        0.000
   290:        0.000        0.000        0.000        0.000        0.000
   295:        0.000        0.000        0.000        0.000        0.000
   300:        0.000        0.000        0.000        0.000        0.000
   305:        0.000        0.000        0.000        0.000        0.000
   310:        0.000        0.000        0.000        0.000        0.000
   315:        0.000        0.000        0.000        0.000        0.000
   320:        0.000        0.000        0.000        0.000        0.000
   325:        0.000        0.000        0.000        0.000        0.000
   330:        0.000        0.000        0.000        0.000        0.000
   335:        0.000        0.000        0.000        0.000        0.000
   340:        0.000        0.000        0.000        0.000        0.000
   345:        0.000        0.000        0.000        0.000        0.000
   350:        0.000        0.000        0.000        0.000        0.000
   355:        0.000        0.000        0.000        0.000        0.000
   360:        0.000        0.000        0.000        0.000        0.000
   365:        0.000        0.000        0.000        0.000        0.000
   370:        0.000        0.000        0.000        0.000        0.000
   375:        0.000        0.000        0.000        0.000        0.000
   380:        0.000        0.000        0.000        0.000        0.000
   385:        0.000        0.000        0.000        0.000        0.000
   390:        0.000        0.000        0.000        0.000        0.000
   395:        0.000        0.000        0.000        0.000        0.000
   400:        0.000        0.000        0.000        0.000        0.000
   405:        0.000        0.000        0.000        0.000        0.000
   410:        0.000        0.000        0.000        0.000        0.000
   415:        0.000        0.000        0.000        0.000        0.000
   420:        0.000        0.000        0.000        0.000        0.000
   425:        0.000        0.000        0.000        0.000        0.000
   430:        0.000        0.000        0.000        0.000        0.000
   435:        0.000        0.000        0.000        0.000        0.000
   440:        0.000        0.000        0.000        0.000        0.000
   445:        0.000        0.000        0.000        0.000        0.000
   450:        0.000        0.000        0.000        0.000        0.000
   455:        0.000        0.000        0.000        0.000        0.000
   460:        0.000        0.000        0.000        0.000        0.000
   465:        0.000        0.000        0.000        0.000        0.000
   470:        0.000        0.000        0.000        0.000        0.000
   475:        0.000        0.000        0.000        0.000        0.000
   480:        0.000        0.000        0.000        0.000        0.000
   485:        0.000        0.000        0.000        0.000        0.000
   490:        0.000        0.000        0.000        0.000        0.000
   495:        0.000        0.000        0.000        0.000        0.000
   500:        0.000        0.000        0.000        0.000        0.000
   505:        0.000        0.000        0.000        0.000        0.000
   510:        0.000        0.000        0.000        0.000        0.000
   515:        0.000        0.000        0.000        0.000        0.000
   520:        0.000        0.000        0.000        0.000        0.000
   525:        0.000        0.000        0.000        0.000        0.000
   530:        0.000        0.000        0.000        0.000        0.000
   535:        0.000        0.000        0.000        0.000        0.000
   540:        0.000        0.000        0.000        0.000        0.000
   545:        0.000        0.000        0.000        0.000        0.000
   550:        0.000        0.000        0.000        0.000        0.000
   555:        0.000        0.000        0.000        0.000        0.000
   560:        0.000        0.000        0.000        0.000        0.000
   565:        0.000        0.000        0.000        0.000        0.000
   570:        0.000        0.000        0.000        0.000        0.000
   575:        0.000        0.000        0.000        0.000        0.000
   580:        0.000        0.000        0.000        0.000        0.000
   585:        0.000        0.000        0.000        0.000        0.000
   590:        0.000        0.000        0.000        0.000        0.000
   595:        0.000        0.000        0.000        0.000        0.000
   600:        0.000        0.000        0.000        0.000        0.000
   605:        0.000        0.000        0.000        0.000        0.000
   610:        0.000        0.000        0.000        0.000        0.000
   615:        0.000        0.000        0.000        0.000        0.000
   620:        0.000        0.000        0.000        0.000        0.000
   625:        0.000        0.000        0.000        0.000        0.000
   630:        0.000        0.000        0.000        0.000        0.000
   635:        0.000        0.000        0.000        0.000        0.000
   640:        0.000        0.000        0.000        0.000        0.000
   645:        0.000        0.000        0.000        0.000        0.000
   650:        0.000        0.000        0.000        0.000        0.000
   655:        0.000        0.000        0.000        0.000        0.000
   660:        0.000        0.000        0.000        0.000        0.000
   665:        0.000        0.000        0.000        0.000        0.000
   670:        0.000        0.000        0.000        0.000        0.000
   675:        0.000        0.000        0.000        0.000        0.000
   680:        0.000        0.000        0.000        0.000        0.000
   685:        0.000        0.000        0.000        0.000        0.000
   690:        0.000        0.000        0.000        0.000        0.000
   695:        0.000        0.000        0.000        0.000        0.000
   700:        0.000        0.000        0.000        0.000        0.000
   705:        0.000        0.000        0.000        0.000        0.000
   710:        0.000        0.000        0.000        0.000        0.000
   715:        0.000        0.000        0.000        0.000        0.000
   720:        0.000        0.000        0.000        0.000        0.000
   725:        0.000        0.000        0.000        0.000        0.000
   730:        0.000        0.000        0.000        0.000        0.000
   735:        0.000        0.000        0.000        0.000        0.000
   740:        0.000        0.000        0.000        0.000        0.000
   745:        0.000        0.000        0.000        0.000        0.000
   750:        0.000        0.000        0.000        0.000        0.000
   755:        0.000        0.000        0.000        0.000        0.000
   760:        0.000        0.000        0.000        0.000        0.000
   765:        0.000        0.000        0.000        0.000        0.000
   770:        0.000        0.000        0.000        0.000        0.000
   775:        0.000        0.000        0.000        0.000        0.000
   780:        0.000        0.000        0.000        0.000        0.000
   785:        0.000        0.000        0.000        0.000        0.000
   790:        0.000        0.000        0.000        0.000        0.000
   795:        0.000        0.000        0.000        0.000        0.000
   800:        0.000        0.000        0.000        0.000        0.000
   805:        0.000        0.000        0.000        0.000        0.000
   810:        0.000        0.000        0.000        0.000        0.000
   815:        0.000        0.000        0.000        0.000        0.000
   820:        0.000        0.000        0.000        0.000        0.000
   825:        0.000        0.000        0.000        0.000        0.000
   830:        0.000        0.000        0.000        0.000        0.000
   835:        0.000        0.000        0.000        0.000        0.000
   840:        0.000        0.000        0.000        0.000        0.000
   845:        0.000        0.000        0.000        0.000        0.000
   850:        0.000        0.000        0.000        0.000        0.000
   855:        0.000        0.000        0.000        0.000        0.000
   860:        0.000        0.000        0.000        0.000        0.000
   865:        0.000        0.000        0.000        0.000        0.000
   870:        0.000        0.000        0.000        0.000        0.000
   875:        0.000        0.000        0.000        0.000        0.000
   880:        0.000        0.000        0.000        0.000        0.000
   885:        0.000        0.000        0.000        0.000        0.000
   890:        0.000        0.000        0.000        0.000        0.000
   895:        0.000        0.000        0.000        0.000        0.000
   900:        0.000        0.000        0.000        0.000        0.000
   905:        0.000        0.000        0.000        0.000        0.000
   910:        0.000        0.000        0.000        0.000        0.000
   915:        0.000        0.000        0.000        0.000        0.000
   920:        0.000        0.000        0.000        0.000        0.000
   925:        0.000        0.000        0.000        0.000        0.000
   930:        0.000        0.000        0.000        0.000        0.000
   935:        0.000        0.000        0.000        0.000        0.000
   940:        0.000        0.000        0.000        0.000        0.000
   945:        0.000        0.000        0.000        0.000        0.000
   950:        0.000        0.000        0.000        0.000        0.000
   955:        0.000        0.000        0.000        0.000        0.000
   960:        0.000        0.000        0.000        0.000        0.000
   965:        0.000        0.000        0.000        0.000        0.000
   970:        0.000        0.000        0.000        0.000        0.000
   975:        0.000        0.000        0.000        0.000        0.000
   980:        0.000        0.000        0.000        0.000        0.000
   985:        0.000        0.000        0.000        0.000        0.000
   990:        0.000        0.000        0.000        0.000        0.000
   995:        0.000        0.000        0.000        0.000        0.000
  1000:        0.000


Start Date: 10/30/22
End Date: 10/30/22
Subject: Cecilia
Experiment: 0
Group: 0
Box: 5
Start Time: 11:05:00
End Time: 12:11:20
MSN: cibo-L-luce
A:
     0:       44.000        7.000        8.000        5.000        5.000
     5:        7.000
B:
     0:       96.000       21.000       24.000       15.000       15.000
     5:       21.000
C:
     0:        7.000        1.000        0.000        3.000        2.000
     5:        1.000
D:
     0:        7.000        1.000        0.000        3.000        2.000
     5:        1.000
I:
     0:       40.000        5.000        0.000
T:
     0:     3600.000       70.000      719.000        0.000        0.000
V:
     0:       -1.000       -1.000       -1.000       -1.000       -1.000
     5:       -1.000       -1.000       -1.000        0.410        0.670
    10:        1.990        2.670        3.490       -4.000        0.360
    15:        2.580        3.170        3.790       -4.000        0.410
    20:        1.200        3.060       -4.000        0.730        1.740
    25:        2.310        2.620        3.860       -4.000        2.460
    30:        3.500        3.870       -4.000        0.950        2.060
    35:        2.110       -4.000        1.670        1.870        2.560
    40:        3.560       -4.000        0.490        1.430        2.860
    45:        3.800       -4.000        0.530        1.080        1.680
    50:        2.950        3.580        4.340        4.810        6.530
    55:        6.750        7.310       -8.000       -8.000        0.810
    60:        1.000        4.350        6.560        6.640        8.000
    65:       -8.000       -8.000        0.250        0.470        0.690
    70:        0.920        2.110        2.800        3.500        4.330
    75:        5.800        6.940       -8.000        0.950        3.270
    80:        4.850        5.190        6.070       -8.000       -8.000
    85:        0.270        0.700        0.830        2.320        3.140
    90:        3.930        5.810        6.350        6.930        7.530
    95:       -8.000        0.960        1.840        2.560        3.680
   100:        4.910        5.700        6.930        9.630       11.270
   105:       12.240       14.900      -16.000        1.690        3.180
   110:        5.150        6.000        6.330        8.110       12.060
   115:       15.270      -16.000      -16.000        0.150        2.310
   120:        4.750       13.820      -16.000      -16.000        1.850
   125:      -16.000        0.300        0.750        1.980        2.080
   130:        3.580        4.900        6.160        7.400       10.140
   135:       13.460       13.900      -16.000        0.480        0.850
   140:        1.600        7.900       10.000       14.860       24.540
   145:       24.610       25.690       26.660       29.280       29.390
   150:       30.860      -32.000      -32.000      -32.000        0.450
   155:        1.210      -32.000      -32.000        1.270        1.880
   160:       13.850       14.010      -32.000      -32.000       18.240
   165:      -32.000


Start Date: 10/30/22
End Date: 10/30/22
Subject: Susan
Experiment: 0
Group: 0
Box: 6
Start Time: 11:05:07
End Time: 12:11:20
MSN: cibo-R-luce
A:
     0:       16.000        8.000        6.000        1.000        1.000
     5:        0.000
B:
     0:       48.000       24.000       18.000        3.000        3.000
     5:        0.000
C:
     0:       24.000        0.000        2.000        7.000        7.000
     5:        8.000
D:
     0:       24.000        0.000        2.000        7.000        7.000
     5:        8.000
I:
     0:       40.000        5.000        0.000
T:
     0:     3600.000       70.000      719.000        0.000        0.000
V:
     0:       -1.000       -1.000       -1.000       -1.000       -1.000
     5:       -1.000       -1.000       -1.000        0.280       -4.000
    10:        0.260       -4.000        0.310       -4.000       -4.000
    15:       -4.000       -4.000       -4.000       -4.000       -8.000
    20:       -8.000       -8.000       -8.000       -8.000       -8.000
    25:       -8.000       -8.000      -16.000      -16.000      -16.000
    30:      -16.000      -16.000      -16.000      -16.000      -16.000
    35:      -32.000      -32.000      -32.000      -32.000      -32.000
    40:      -32.000      -32.000      -32.000


Start Date: 10/30/22
End Date: 10/30/22
Subject: Virginia
Experiment: 0
Group: 0
Box: 7
Start Time: 11:05:18
End Time: 12:11:20
MSN: cibo-L-luce
A:
     0:       31.000        8.000        8.000        7.000        4.000
     5:        4.000
B:
     0:       93.000       24.000       24.000       21.000       12.000
     5:       12.000
C:
     0:        0.000        0.000        0.000        0.000        0.000
     5:        0.000
D:
     0:        0.000        0.000        0.000        0.000        0.000
     5:        0.000
I:
     0:       40.000        5.000        0.000
T:
     0:     3600.000       70.000      719.000        0.000        0.000
V:
     0:       -1.000       -1.000       -1.000       -1.000       -1.000
     5:       -1.000       -1.000       -1.000        0.170        1.460
    10:        2.750        2.960        3.810       -4.000        0.150
    15:        1.120        1.840       -4.000        0.160        1.110
    20:        1.880       -4.000        1.010        1.900        2.840
    25:        3.700       -4.000        0.920       -4.000        0.840
    30:        1.490        3.130       -4.000        0.360        1.130
    35:        2.610       -4.000        1.550        1.980        3.640
    40:       -4.000        0.850        1.410        2.500        4.100
    45:        6.420       -8.000        0.120        1.580        3.460
    50:        4.200        5.450        6.730       -8.000        0.780
    55:        2.560        3.480        5.150       -8.000        0.590
    60:        0.650        6.250       -8.000        4.770       -8.000
    65:        0.560        0.850        0.920        2.310        2.370
    70:        3.070        5.340        5.400        5.520       -8.000
    75:        0.530        2.590        3.050       -8.000      -16.000
    80:       14.700       14.790      -16.000        6.810      -16.000
    85:        6.110      -16.000        1.350        2.640        3.660
    90:        3.720        9.720        9.960       10.070       10.250
    95:       10.390       14.010       18.010       22.350       22.470
   100:       29.970      -32.000      -32.000      -32.000        0.430
   105:        1.860        2.080       14.440       29.640      -32.000


Start Date: 10/30/22
End Date: 10/30/22
Subject: Patricia
Experiment: 0
Group: 0
Box: 8
Start Time: 11:05:57
End Time: 12:11:20
MSN: cibo-R-luce
A:
     0:       15.000        2.000        5.000        4.000        2.000
     5:        2.000
B:
     0:       45.000        6.000       15.000       12.000        6.000
     5:        6.000
C:
     0:       22.000        6.000        3.000        4.000        4.000
     5:        5.000
D:
     0:       22.000        6.000        3.000        4.000        4.000
     5:        5.000
I:
     0:       40.000        5.000        0.000
T:
     0:     3600.000       70.000      719.000        0.000        0.000
V:
     0:       -1.000       -1.000       -1.000       -1.000       -1.000
     5:       -1.000       -1.000       -1.000        0.500        2.810
    10:        2.900       -4.000        3.690       -4.000       -4.000
    15:       -4.000       -4.000       -4.000        1.280        3.870
    20:       -4.000        0.980        1.550       -4.000       -8.000
    25:        1.090        1.200        2.600        5.170       -8.000
    30:       -8.000       -8.000       -8.000       -8.000        3.170
    35:        3.220        4.560        4.900       -8.000       -8.000
    40:      -16.000      -16.000        0.110        3.810        8.110
    45:       11.660       12.050       13.430      -16.000      -16.000
    50:      -16.000      -16.000      -32.000      -32.000      -32.000
    55:      -32.000      -32.000        2.650        2.680       14.360
    60:       23.110      -32.000      -32.000


Start Date: 10/30/22
End Date: 10/30/22
Subject: Marian
Experiment: 0
Group: 0
Box: 5
Start Time: 12:18:18
End Time: 13:21:07
MSN: cibo-L-luce
A:
     0:       24.000        6.000        7.000        4.000        5.000
     5:        1.000
B:
     0:       69.000       18.000       21.000       12.000       15.000
     5:        3.000
C:
     0:       13.000        2.000        1.000        3.000        2.000
     5:        5.000
D:
     0:       13.000        2.000        1.000        3.000        2.000
     5:        5.000
I:
     0:       40.000        5.000        0.000
T:
     0:     3600.000       70.000      719.000        0.000        0.000
V:
     0:       -1.000       -1.000       -1.000       -1.000       -1.000
     5:       -1.000       -1.000       -1.000        0.940        0.990
    10:        1.610        1.670        1.900        2.070        2.780
    15:        3.930       -4.000        0.670        0.800        1.550
    20:        1.850        1.960        2.140        3.240        3.750
    25:       -4.000       -4.000        0.820        1.430        1.510
    30:        2.120        2.220        2.360        3.520        4.000
    35:       -4.000       91.190       91.740       91.960       92.070
    40:       92.650       92.800       94.050       -4.000        0.650
    45:        2.100        2.960        3.870       -4.000        0.630
    50:        0.680        1.440        1.810        2.040        2.260
    55:        2.460        3.740       -4.000        0.480        1.460
    60:        2.150        2.340        2.770        3.140        3.820
    65:        3.880       -4.000       -8.000        1.250        1.410
    70:        1.730        2.030        2.900        4.130        4.230
    75:        5.230        5.590        5.700        6.040        7.430
    80:       -8.000        0.590        1.530        1.640        1.890
    85:        2.880        3.210        3.390        4.280        5.520
    90:        6.390        6.940        7.230       -8.000       -8.000
    95:        0.580        0.830        1.530        2.080        2.360
   100:        2.590        3.040        3.190        4.880        6.890
   105:        7.420       -8.000       -8.000        0.530        1.650
   110:        2.130        2.450        2.550        2.890        3.250
   115:        4.240        5.140        6.030        6.100        6.410
   120:        6.960        7.010        7.310       -8.000        0.340
   125:        1.520        1.900        1.970        3.460        4.130
   130:        4.320        5.340        6.070        7.880        8.240
   135:       10.430       10.590       10.900       11.370       11.610
   140:       11.920       12.090       12.910       13.050       13.170
   145:       14.420       15.800       15.930      -16.000        0.360
   150:        1.150        1.230        2.130        3.190        3.250
   155:        3.720        3.780        4.010        4.680        5.490
   160:        7.080        7.190        8.440        9.150        9.770
   165:       10.720       10.840       11.490       13.560       15.340
   170:      -16.000        0.370        0.500        1.260        2.280
   175:        2.520        2.690        2.800        3.140        7.100
   180:        8.480        8.520       11.740       12.280       12.690
   185:      -16.000      -16.000      -16.000        0.490        0.980
   190:        1.340        1.850        2.170        8.220        9.930
   195:      -16.000        0.690       13.460       14.540       15.310
   200:       15.840      -16.000        2.490        4.380      -32.000
   205:      -32.000      -32.000      -32.000      -32.000      -32.000


Start Date: 10/30/22
End Date: 10/30/22
Subject: Sara
Experiment: 0
Group: 0
Box: 6
Start Time: 12:18:28
End Time: 13:21:07
MSN: cibo-R-luce
A:
     0:       32.000        6.000        8.000        7.000        6.000
     5:        5.000
B:
     0:       96.000       18.000       24.000       21.000       18.000
     5:       15.000
C:
     0:        8.000        2.000        0.000        1.000        2.000
     5:        3.000
D:
     0:        8.000        2.000        0.000        1.000        2.000
     5:        3.000
I:
     0:       40.000        5.000        0.000
T:
     0:     3600.000       70.000      719.000        0.000        0.000
V:
     0:       -1.000       -1.000       -1.000       -1.000       -1.000
     5:       -1.000       -1.000       -1.000        0.310        1.380
    10:        2.780        3.970       -4.000        0.470        3.400
    15:       -4.000        0.300        1.360        2.620        2.810
    20:        3.750       -4.000        1.970       -4.000        0.370
    25:       -4.000        0.380        2.910       -4.000        0.400
    30:        2.670       -4.000        0.820        2.180       -4.000
    35:        0.270        2.330        2.510        3.420        6.190
    40:        7.720        7.770       -8.000        0.280        0.500
    45:        0.570        2.430        3.240        3.490        5.810
    50:        7.400       -8.000       -8.000        1.160        3.800
    55:        5.140        6.150        7.040        7.560       -8.000
    60:        0.240        2.820        2.970        4.620        6.590
    65:        6.670        7.670       -8.000        0.830        3.700
    70:        4.170        5.610        5.720        6.850       -8.000
    75:        2.160        2.710        3.010        5.210        6.480
    80:        6.670       -8.000        1.460        4.960        5.460
    85:        5.670        7.250        7.970       -8.000        0.940
    90:        4.740        4.790        5.400        6.900        8.050
    95:        8.930       10.250       12.280       13.950       14.130
   100:       15.170      -16.000        0.880        1.720      -16.000
   105:      -16.000      -16.000        0.510        1.470        3.110
   110:        4.140        4.740        5.550        6.380        9.630
   115:       10.740       11.150       12.010      -16.000        0.240
   120:        0.340        1.230      -16.000        0.570        0.940
   125:        3.110        5.660        7.430        8.100       11.860
   130:      -16.000        1.840        5.200        8.930        9.870
   135:       12.390       12.630       13.700       14.070       14.730
   140:      -16.000        1.370      -32.000      -32.000        2.880
   145:       11.610       11.670       12.810       15.100      -32.000
   150:        1.260        3.190       12.440       12.640       25.140
   155:      -32.000      -32.000      -32.000      -32.000      -32.000


Start Date: 10/30/22
End Date: 10/30/22
Subject: Fran
Experiment: 0
Group: 0
Box: 7
Start Time: 12:18:34
End Time: 13:21:07
MSN: cibo-L-luce
A:
     0:       31.000        6.000        7.000        8.000        6.000
     5:        4.000
B:
     0:       93.000       18.000       21.000       24.000       18.000
     5:       12.000
C:
     0:        7.000        2.000        1.000        0.000        2.000
     5:        2.000
D:
     0:        7.000        2.000        1.000        0.000        2.000
     5:        2.000
I:
     0:       40.000        5.000        0.000
T:
     0:     3600.000       70.000      719.000        0.000        0.000
V:
     0:       -1.000       -1.000       -1.000       -1.000       -1.000
     5:       -1.000       -1.000       -1.000        0.650       -4.000
    10:        0.500        1.400       -4.000        0.690       -4.000
    15:        0.600        3.010       -4.000        0.620        1.300
    20:       -4.000        0.550        0.590       -4.000       -4.000
    25:        0.820       -4.000        0.510        0.840        3.120
    30:        7.700       -8.000        4.780       -8.000        0.420
    35:        1.430        4.970        7.060       -8.000        0.400
    40:        1.300        3.960       -8.000        0.440        2.180
    45:        2.310       -8.000        0.490        1.010        5.240
    50:        5.360       -8.000        0.400        1.180        1.670
    55:        2.270        4.720       -8.000        0.460        0.650
    60:        1.010        1.580        6.750       -8.000        4.100
    65:        4.260        4.980        5.900       11.050      -16.000
    70:        1.670        2.420        6.240        6.390       13.030
    75:       14.040       14.110       14.270       14.370       15.370
    80:      -16.000      -16.000        1.780        4.590      -16.000
    85:        2.880        3.020        9.410       12.370      -16.000
    90:        1.480        6.230        8.180        9.830       13.120
    95:       15.250      -16.000        0.910        1.080        2.200
   100:        2.550        3.120        5.020        5.330        7.050
   105:       11.380       11.790       12.130       15.340      -16.000
   110:      -16.000      -32.000        7.390        9.930       13.690
   115:       17.690       18.170       18.710       19.000       21.030
   120:       21.080       24.730       27.610       28.140      -32.000
   125:        2.760        2.920        5.210       15.790       15.910
   130:       21.040       21.150       24.590       27.470       31.490
   135:      -32.000        0.970        5.110        5.760      -32.000
   140:      -32.000      -32.000


Start Date: 10/30/22
End Date: 10/30/22
Subject: Catherine
Experiment: 0
Group: 0
Box: 8
Start Time: 12:18:42
End Time: 13:21:07
MSN: cibo-R-luce
A:
     0:       32.000        8.000        8.000        6.000        5.000
     5:        5.000
B:
     0:       96.000       24.000       24.000       18.000       15.000
     5:       15.000
C:
     0:        5.000        0.000        0.000        2.000        1.000
     5:        2.000
D:
     0:        5.000        0.000        0.000        2.000        1.000
     5:        2.000
I:
     0:       40.000        5.000        0.000
T:
     0:     3600.000       70.000      719.000        0.000        0.000
V:
     0:       -1.000       -1.000       -1.000       -1.000       -1.000
     5:       -1.000       -1.000       -1.000        0.110       -4.000
    10:        0.210       -4.000        0.840       -4.000       -4.000
    15:       -4.000        1.160        3.160       -4.000       -4.000
    20:       -4.000       -8.000       -8.000       -8.000       -8.000
    25:       -8.000       -8.000       -8.000       -8.000      -16.000
    30:      -16.000        6.000      -16.000      -16.000      -16.000
    35:      -16.000        0.530      -32.000      -32.000      -32.000
    40:      -32.000      -32.000      -32.000      -32.000
